0.000000, 0.480416
0.001098, 0.480315
0.002179, 0.479710
0.003239, 0.478903
0.004300, 0.478196
0.005359, 0.477389
0.006415, 0.476280
0.007473, 0.474766
0.008528, 0.473354
0.009588, 0.471437
0.010784, 0.469621
0.011851, 0.467099
0.012914, 0.464476
0.013972, 0.462055
0.015029, 0.459432
0.016086, 0.456809
0.017142, 0.454186
0.018198, 0.451260
0.019260, 0.448536
0.020317, 0.445408
0.021374, 0.442483
0.022430, 0.439456
0.023491, 0.436732
0.024547, 0.434311
0.025604, 0.431385
0.026668, 0.428056
0.027731, 0.424727
0.028790, 0.421498
0.029852, 0.418674
0.030909, 0.416051
0.031968, 0.413327
0.033023, 0.410401
0.034079, 0.407576
0.035135, 0.405054
0.036192, 0.402229
0.037249, 0.399203
0.038307, 0.396479
0.039363, 0.393654
0.040424, 0.391031
0.041480, 0.388105
0.042538, 0.385280
0.043595, 0.382254
0.044656, 0.379732
0.045717, 0.376806
0.046774, 0.373981
0.047830, 0.371257
0.048886, 0.368634
0.049946, 0.365708
0.051001, 0.362985
0.052059, 0.360462
0.053115, 0.357638
0.054171, 0.355015
0.055227, 0.352392
0.056283, 0.349668
0.057344, 0.347045
0.058363, 0.344724
0.059419, 0.341899
0.060475, 0.339276
0.061540, 0.336653
0.062596, 0.333828
0.063656, 0.331407
0.064712, 0.328784
0.065767, 0.326060
0.066824, 0.323437
0.067883, 0.320915
0.068939, 0.318090
0.069994, 0.315366
0.071050, 0.312945
0.072106, 0.310221
0.073162, 0.307699
0.074217, 0.305278
0.075274, 0.302655
0.076331, 0.300334
0.077388, 0.297610
0.078448, 0.294886
0.079504, 0.292465
0.080561, 0.290246
0.081617, 0.287623
0.082674, 0.284697
0.083732, 0.282175
0.084788, 0.279552
0.085844, 0.277130
0.086905, 0.275012
0.087962, 0.272792
0.089019, 0.270270
0.090075, 0.267748
0.091134, 0.265125
0.092190, 0.262502
0.093246, 0.260383
0.094303, 0.257962
0.095360, 0.255642
0.096416, 0.253019
0.097473, 0.250497
0.098530, 0.247974
0.099587, 0.245755
0.100648, 0.243435
0.101704, 0.241114
0.102764, 0.238693
0.103835, 0.236473
0.104897, 0.233749
0.105956, 0.231429
0.107017, 0.229613
0.108089, 0.229310
0.109149, 0.224266
0.110208, 0.221946
0.111266, 0.219424
0.112324, 0.217002
0.113385, 0.214783
0.114441, 0.212463
0.115499, 0.210142
0.116555, 0.208024
0.117624, 0.205602
0.118679, 0.203181
0.119735, 0.200861
0.120792, 0.198742
0.121854, 0.196422
0.122911, 0.194101
0.123968, 0.191983
0.125031, 0.189561
0.126088, 0.187241
0.127145, 0.185223
0.128207, 0.182802
0.129263, 0.180482
0.130319, 0.178262
0.131375, 0.176144
0.132432, 0.173823
0.133497, 0.171705
0.134554, 0.169485
0.135611, 0.167266
0.136668, 0.164945
0.137724, 0.162827
0.138780, 0.160708
0.139841, 0.158892
0.140902, 0.156572
0.141958, 0.154352
0.143015, 0.152133
0.144071, 0.149812
0.145127, 0.147895
0.146189, 0.145777
0.147246, 0.143759
0.148303, 0.141540
0.149364, 0.139320
0.150419, 0.137201
0.151476, 0.134982
0.152533, 0.133065
0.153589, 0.130947
0.154645, 0.128828
0.155702, 0.126810
0.156758, 0.124591
0.157820, 0.122573
0.158876, 0.120555
0.159933, 0.118538
0.160990, 0.116419
0.162050, 0.114906
0.163106, 0.112888
0.164163, 0.111173
0.165219, 0.109054
0.166276, 0.106734
0.167333, 0.104716
0.168389, 0.102497
0.169446, 0.100378
0.170507, 0.098663
0.171563, 0.096746
0.172620, 0.094829
0.173676, 0.092711
0.174738, 0.090693
0.175794, 0.088776
0.176850, 0.087061
0.177907, 0.085043
0.178964, 0.083026
0.180026, 0.081210
0.181082, 0.079394
0.182139, 0.077679
0.183196, 0.075661
0.184252, 0.073744
0.185308, 0.071827
0.186365, 0.069910
0.187425, 0.068195
0.188481, 0.066379
0.189543, 0.064564
0.190600, 0.062748
0.191656, 0.060831
0.192715, 0.058914
0.193771, 0.057300
0.194828, 0.055484
0.195885, 0.053567
0.196941, 0.051751
0.197997, 0.050137
0.199054, 0.048321
0.200115, 0.046808
0.201171, 0.044992
0.202228, 0.043075
0.203284, 0.041259
0.204340, 0.039443
0.205396, 0.037728
0.206458, 0.035912
0.207515, 0.034701
0.208571, 0.032986
0.209628, 0.031473
0.210684, 0.029758
0.211741, 0.027942
0.212798, 0.026227
0.213854, 0.024613
0.214911, 0.022797
0.215967, 0.020981
0.217023, 0.019266
0.218080, 0.017752
0.219136, 0.016138
0.220193, 0.014625
0.221250, 0.013011
0.222306, 0.011397
0.223366, 0.010085
0.224422, 0.008471
0.225479, 0.006958
0.226536, 0.005343
0.227592, 0.003729
0.228689, 0.002115
0.229746, 0.000501
0.230804, -0.000912
0.231866, -0.002223
0.232923, -0.003938
0.233979, -0.005351
0.235036, -0.006864
0.236092, -0.008276
0.237148, -0.009890
0.238204, -0.011404
0.239261, -0.012816
0.240318, -0.014229
0.241374, -0.015742
0.242431, -0.017154
0.243488, -0.018668
0.244549, -0.020080
0.245605, -0.021593
0.246661, -0.023006
0.247718, -0.024519
0.248778, -0.025830
0.249839, -0.027344
0.250896, -0.028756
0.251952, -0.030068
0.253010, -0.031480
0.254068, -0.032792
0.255124, -0.034204
0.256181, -0.035515
0.257237, -0.036928
0.258294, -0.038441
0.259350, -0.039753
0.260407, -0.041165
0.261467, -0.042376
0.262523, -0.043889
0.263581, -0.045201
0.264638, -0.046512
0.265693, -0.047924
0.266757, -0.049135
0.267814, -0.050346
0.268870, -0.051556
0.269926, -0.052969
0.270983, -0.054179
0.272039, -0.055491
0.273096, -0.056702
0.274154, -0.058013
0.275215, -0.059123
0.276272, -0.060535
0.277328, -0.061746
0.278384, -0.062957
0.279443, -0.064268
0.280499, -0.065378
0.281555, -0.066588
0.282612, -0.067799
0.283688, -0.069111
0.284765, -0.070422
0.285838, -0.071633
0.286912, -0.072742
0.287984, -0.074054
0.289055, -0.075265
0.290126, -0.076475
0.291198, -0.077484
0.292269, -0.078594
0.293341, -0.079804
0.294380, -0.080914
0.295452, -0.082024
0.296524, -0.083134
0.297595, -0.084344
0.298666, -0.085555
0.299739, -0.086766
0.300810, -0.087875
0.301882, -0.088985
0.302954, -0.090196
0.304033, -0.091305
0.305114, -0.092516
0.306197, -0.093626
0.307279, -0.094635
0.308361, -0.095644
0.309443, -0.096753
0.310524, -0.097560
0.311605, -0.098569
0.312687, -0.099578
0.313768, -0.100789
0.314847, -0.101798
0.315928, -0.102907
0.317010, -0.103916
0.318091, -0.104925
0.319171, -0.105934
0.320253, -0.106943
0.321333, -0.108053
0.322382, -0.109061
0.323463, -0.110070
0.324543, -0.110978
0.325624, -0.111987
0.326698, -0.112895
0.327780, -0.113803
0.328862, -0.114913
0.329943, -0.115821
0.331024, -0.116830
0.332104, -0.117939
0.333185, -0.119049
0.334265, -0.119957
0.335346, -0.120865
0.336426, -0.121874
0.337506, -0.122782
0.338582, -0.123690
0.339664, -0.124699
0.340744, -0.125607
0.341825, -0.126313
0.342904, -0.127019
0.343985, -0.127826
0.345065, -0.128734
0.346146, -0.129440
0.347227, -0.130248
0.348308, -0.130954
0.349371, -0.131761
0.350434, -0.132669
0.351494, -0.133476
0.352551, -0.134384
0.353607, -0.135090
0.354665, -0.135998
0.355722, -0.136805
0.356777, -0.137511
0.357832, -0.138318
0.358886, -0.139126
0.359942, -0.139933
0.360997, -0.140740
0.362052, -0.141547
0.363107, -0.142152
0.364162, -0.142858
0.365217, -0.143564
0.366271, -0.144271
0.367326, -0.144977
0.368381, -0.145683
0.369436, -0.146288
0.370492, -0.146894
0.371573, -0.147600
0.372654, -0.148407
0.373736, -0.149113
0.374811, -0.149819
0.375893, -0.150526
0.376975, -0.151232
0.378055, -0.151837
0.379137, -0.152543
0.380218, -0.153149
0.381300, -0.153855
0.382386, -0.154561
0.383468, -0.155166
0.384549, -0.155873
0.385630, -0.156478
0.386705, -0.157184
0.387786, -0.157789
0.388867, -0.158395
0.389948, -0.159000
0.391031, -0.159504
0.392112, -0.160110
0.393194, -0.160715
0.394275, -0.161320
0.395357, -0.161825
0.396438, -0.162329
0.397518, -0.162935
0.398593, -0.163439
0.399675, -0.163943
0.400755, -0.164549
0.401836, -0.165154
0.402920, -0.165759
0.404002, -0.166264
0.405082, -0.166869
0.406163, -0.167474
0.407244, -0.167979
0.408325, -0.168483
0.409407, -0.168988
0.410466, -0.169492
0.411549, -0.169997
0.412632, -0.170602
0.413714, -0.171106
0.414796, -0.171611
0.415877, -0.172115
0.416938, -0.172620
0.418019, -0.173124
0.419101, -0.173629
0.420182, -0.174133
0.421243, -0.174637
0.422324, -0.175041
0.423406, -0.175444
0.424487, -0.175848
0.425564, -0.176252
0.426640, -0.176756
0.427721, -0.177160
0.428802, -0.177563
0.429883, -0.177967
0.430964, -0.178269
0.432045, -0.178673
0.433126, -0.179076
0.434210, -0.179480
0.435291, -0.179783
0.436373, -0.180186
0.437453, -0.180590
0.438512, -0.180993
0.439593, -0.181397
0.440673, -0.181699
0.441754, -0.182103
0.442831, -0.182406
0.443912, -0.182809
0.444995, -0.183213
0.446075, -0.183515
0.447158, -0.183818
0.448271, -0.184121
0.449353, -0.184423
0.450435, -0.184726
0.451517, -0.185029
0.452599, -0.185331
0.453681, -0.185634
0.454764, -0.185836
0.455846, -0.186138
0.456928, -0.186441
0.458010, -0.186744
0.459093, -0.187046
0.460175, -0.187248
0.461257, -0.187551
0.462336, -0.187753
0.463418, -0.188055
0.464500, -0.188257
0.465582, -0.188459
0.466666, -0.188761
0.467747, -0.188963
0.468829, -0.189165
0.469911, -0.189367
0.470994, -0.189569
0.472076, -0.189770
0.473158, -0.189972
0.474240, -0.190073
0.475323, -0.190275
0.476405, -0.190376
0.477489, -0.190577
0.478571, -0.190678
0.479653, -0.190779
0.480735, -0.190981
0.481818, -0.191082
0.482900, -0.191183
0.483982, -0.191284
0.485064, -0.191384
0.486147, -0.191485
0.487229, -0.191586
0.488312, -0.191586
0.489394, -0.191687
0.490477, -0.191788
0.491559, -0.191788
0.492641, -0.191889
0.493724, -0.191990
0.494805, -0.191990
0.495887, -0.191990
0.496969, -0.192091
0.498051, -0.192091
0.499135, -0.192091
0.500216, -0.192192
0.501298, -0.192192
0.502381, -0.192192
0.503440, -0.192192
0.504521, -0.192192
0.505603, -0.192192
0.506685, -0.192192
0.507767, -0.192192
0.508849, -0.192192
0.509932, -0.192192
0.511014, -0.192091
0.512097, -0.192091
0.513179, -0.192091
0.514261, -0.192091
0.515343, -0.191990
0.516426, -0.191990
0.517508, -0.191990
0.518568, -0.191990
0.519650, -0.191889
0.520733, -0.191889
0.521815, -0.191889
0.522897, -0.191788
0.523979, -0.191788
0.525061, -0.191788
0.526143, -0.191788
0.527226, -0.191687
0.528307, -0.191687
0.529390, -0.191687
0.530471, -0.191687
0.531554, -0.191586
0.532636, -0.191586
0.533718, -0.191586
0.534801, -0.191586
0.535884, -0.191485
0.536966, -0.191485
0.538047, -0.191485
0.539130, -0.191485
0.540212, -0.191485
0.541294, -0.191485
0.542378, -0.191384
0.543461, -0.191384
0.544543, -0.191384
0.545626, -0.191384
0.546709, -0.191384
0.547790, -0.191384
0.548872, -0.191384
0.549954, -0.191384
0.551037, -0.191384
0.552119, -0.191384
0.553201, -0.191384
0.554284, -0.191384
0.555366, -0.191384
0.556448, -0.191384
0.557530, -0.191384
0.558613, -0.191384
0.559695, -0.191384
0.560777, -0.191384
0.561859, -0.191384
0.562941, -0.191384
0.564023, -0.191384
0.565106, -0.191384
0.566188, -0.191384
0.567271, -0.191384
0.568353, -0.191384
0.569434, -0.191384
0.570517, -0.191384
0.571599, -0.191384
0.572681, -0.191384
0.573763, -0.191384
0.574845, -0.191384
0.575927, -0.191384
0.577009, -0.191384
0.578091, -0.191384
0.579174, -0.191384
0.580257, -0.191384
0.581339, -0.191384
0.582390, -0.191384
0.583472, -0.191384
0.584553, -0.191384
0.585634, -0.191384
0.586711, -0.191384
0.587793, -0.191384
0.588873, -0.191384
0.589963, -0.191384
0.591044, -0.191384
0.592125, -0.191384
0.593206, -0.191384
0.594287, -0.191384
0.595369, -0.191384
0.596451, -0.191384
0.597533, -0.191384
0.598609, -0.191384
0.599690, -0.191384
0.600772, -0.191384
0.601853, -0.191384
0.602936, -0.191384
0.604017, -0.191384
0.605099, -0.191384
0.606181, -0.191384
0.607263, -0.191384
0.608325, -0.191384
0.609406, -0.191384
0.610466, -0.191384
0.611547, -0.191384
0.612628, -0.191384
0.613709, -0.191384
0.614784, -0.191384
0.615865, -0.191384
0.616945, -0.191384
0.618026, -0.191384
0.619107, -0.191384
0.620188, -0.191384
0.621269, -0.191384
0.622350, -0.191384
0.623432, -0.191384
0.624513, -0.191384
0.625594, -0.191384
0.626668, -0.191384
0.627751, -0.191384
0.628832, -0.191384
0.629913, -0.191384
0.630994, -0.191384
0.632075, -0.191384
0.633156, -0.191384
0.634237, -0.191384
0.635298, -0.191384
0.636380, -0.191384
0.637460, -0.191384
0.638535, -0.191384
0.639617, -0.191384
0.640697, -0.191384
0.641779, -0.191384
0.642853, -0.191384
0.643934, -0.191384
0.645015, -0.191384
0.646097, -0.191384
0.647178, -0.191384
0.648259, -0.191384
0.649340, -0.191384
0.650390, -0.191384
0.651472, -0.191384
0.652554, -0.191384
0.653635, -0.191384
0.654710, -0.191384
0.655792, -0.191384
0.656873, -0.191384
0.657954, -0.191384
0.659036, -0.191384
0.660117, -0.191384
0.661199, -0.191384
0.662280, -0.191384
0.663362, -0.191384
0.664444, -0.191384
0.665526, -0.191384
0.666608, -0.191384
0.667689, -0.191384
0.668771, -0.191384
0.669875, -0.191384
0.670957, -0.191384
0.672038, -0.191384
0.673119, -0.191384
0.674201, -0.191384
0.675261, -0.191384
0.676319, -0.191384
0.677375, -0.191384
0.678433, -0.191384
0.679495, -0.191384
0.680554, -0.191384
0.681612, -0.191384
0.682669, -0.191384
0.683726, -0.191384
0.684783, -0.191384
0.685839, -0.191384
0.686895, -0.191384
0.687952, -0.191384
0.689008, -0.191384
0.690064, -0.191384
0.691121, -0.191384
0.692178, -0.191384
0.693235, -0.191384
0.694291, -0.191384
0.695348, -0.191384
0.696404, -0.191384
0.697460, -0.191384
0.698516, -0.191384
0.699573, -0.191384
0.700630, -0.191384
0.701687, -0.191384
0.702748, -0.191384
0.703810, -0.191384
0.704871, -0.191384
0.705930, -0.191384
0.706988, -0.191384
0.708045, -0.191384
0.709102, -0.191384
0.710159, -0.191384
0.711216, -0.191384
0.712272, -0.191384
0.713329, -0.191384
0.714388, -0.191384
0.715444, -0.191384
0.716501, -0.191384
0.717557, -0.191384
0.718614, -0.191384
0.719671, -0.191384
0.720727, -0.191384
0.721784, -0.191384
0.722841, -0.191384
0.723898, -0.191384
0.724954, -0.191384
0.726011, -0.191384
0.727069, -0.191384
0.728126, -0.191384
0.729182, -0.191384
0.730239, -0.191384
0.731296, -0.191384
0.732353, -0.191384
0.733410, -0.191384
0.734465, -0.191384
0.735523, -0.191384
0.736580, -0.191384
0.737637, -0.191384
0.738693, -0.191384
0.739750, -0.191384
0.740806, -0.191384
0.741862, -0.191384
0.742918, -0.191384
0.743975, -0.191384
0.745030, -0.191384
0.746088, -0.191384
0.747144, -0.191384
0.748200, -0.191384
0.749256, -0.191384
0.750313, -0.191384
0.751370, -0.191384
0.752426, -0.191384
0.753484, -0.191384
0.754542, -0.191384
0.755599, -0.191384
0.756658, -0.191384
0.757714, -0.191384
0.758771, -0.191384
0.759827, -0.191384
0.760884, -0.191384
0.761940, -0.191384
0.762997, -0.191384
0.764054, -0.191384
0.765110, -0.191384
0.766167, -0.191384
0.767225, -0.191384
0.768281, -0.191384
0.769338, -0.191384
0.770395, -0.191384
0.771451, -0.191384
0.772508, -0.191384
0.773566, -0.191384
0.774623, -0.191384
0.775679, -0.191384
0.776736, -0.191384
0.777794, -0.191384
0.778851, -0.191384
0.779907, -0.191384
0.780964, -0.191384
0.782020, -0.191384
0.783077, -0.191485
0.784133, -0.191485
0.785190, -0.191485
0.786246, -0.191485
0.787303, -0.191485
0.788361, -0.191485
0.789417, -0.191485
0.790474, -0.191485
0.791532, -0.191485
0.792589, -0.191485
0.793646, -0.191485
0.794703, -0.191485
0.795759, -0.191485
0.796816, -0.191485
0.797873, -0.191485
0.798929, -0.191485
0.799986, -0.191485
0.801043, -0.191384
0.802099, -0.191384
0.803156, -0.191384
0.804213, -0.191384
0.805269, -0.191384
0.806326, -0.191384
0.807382, -0.191384
0.808439, -0.191384
0.809511, -0.191384
0.810568, -0.191384
0.811625, -0.191384
0.812682, -0.191384
0.813738, -0.191384
0.814795, -0.191384
0.815852, -0.191485
0.816909, -0.191485
0.817966, -0.191485
0.819023, -0.191485
0.820080, -0.191485
0.821136, -0.191485
0.822194, -0.191485
0.823251, -0.191485
0.824307, -0.191485
0.825364, -0.191485
0.826421, -0.191485
0.827477, -0.191485
0.828534, -0.191485
0.829591, -0.191485
0.830648, -0.191485
0.831704, -0.191485
0.832761, -0.191485
0.833817, -0.191485
0.834874, -0.191485
0.835930, -0.191485
0.836987, -0.191485
0.838043, -0.191485
0.839100, -0.191485
0.840158, -0.191485
0.841215, -0.191485
0.842271, -0.191485
0.843343, -0.191485
0.844415, -0.191485
0.845486, -0.191485
0.846557, -0.191485
0.847629, -0.191485
0.848700, -0.191485
0.849772, -0.191485
0.850843, -0.191485
0.851922, -0.191485
0.853003, -0.191485
0.854084, -0.191485
0.855164, -0.191485
0.856240, -0.191485
0.857321, -0.191485
0.858387, -0.191485
0.859469, -0.191485
0.860551, -0.191485
0.861633, -0.191485
0.862709, -0.191485
0.863791, -0.191485
0.864873, -0.191485
0.865955, -0.191485
0.867037, -0.191485
0.868118, -0.191485
0.869200, -0.191485
0.870282, -0.191485
0.871364, -0.191485
0.872445, -0.191485
0.873527, -0.191485
0.874590, -0.191485
0.875648, -0.191485
0.876704, -0.191485
0.877759, -0.191485
0.878814, -0.191485
0.879869, -0.191485
0.880925, -0.191485
0.881980, -0.191485
0.883035, -0.191485
0.884090, -0.191485
0.885145, -0.191485
0.886200, -0.191485
0.887303, -0.191485
0.888384, -0.191485
0.889466, -0.191485
0.890549, -0.191485
0.891631, -0.191485
0.892712, -0.191485
0.893795, -0.191485
0.894877, -0.191485
0.895958, -0.191485
0.897040, -0.191485
0.898121, -0.191485
0.899203, -0.191485
0.900284, -0.191485
0.901365, -0.191485
0.902447, -0.191485
0.903529, -0.191485
0.904612, -0.191485
0.905693, -0.191485
0.906775, -0.191485
0.907857, -0.191485
0.908939, -0.191485
0.910022, -0.191485
0.911103, -0.191485
0.912186, -0.191485
0.913268, -0.191485
0.914349, -0.191485
0.915432, -0.191485
0.916514, -0.191485
0.917596, -0.191485
0.918678, -0.191485
0.919760, -0.191485
0.920841, -0.191485
0.921923, -0.191485
0.923004, -0.191485
0.924086, -0.191485
0.925168, -0.191485
0.926251, -0.191485
0.927333, -0.191485
0.928415, -0.191485
0.929496, -0.191485
0.930578, -0.191485
0.931660, -0.191485
0.932741, -0.191485
0.933822, -0.191485
0.934904, -0.191485
0.935986, -0.191485
0.937068, -0.191485
0.938145, -0.191485
0.939226, -0.191485
0.940307, -0.191485
0.941383, -0.191485
0.942443, -0.191485
0.943524, -0.191485
0.944599, -0.191485
0.945675, -0.191485
0.946735, -0.191485
0.947817, -0.191485
0.948898, -0.191485
0.949961, -0.191485
0.951044, -0.191485
0.952126, -0.191485
0.953208, -0.191485
0.954267, -0.191485
0.955329, -0.191485
0.956394, -0.191485
0.957453, -0.191485
0.958511, -0.191485
0.959568, -0.191485
0.960625, -0.191485
0.961682, -0.191485
0.962739, -0.191485
0.963796, -0.191485
0.964853, -0.191485
0.965910, -0.191485
0.966969, -0.191485
0.968025, -0.191485
0.969082, -0.191485
0.970138, -0.191485
0.971196, -0.191485
0.972254, -0.191485
0.973310, -0.191485
0.974367, -0.191485
0.975424, -0.191485
0.976481, -0.191485
0.977540, -0.191485
0.978598, -0.191485
0.979655, -0.191485
0.980712, -0.191485
0.981768, -0.191485
0.982828, -0.191485
0.983888, -0.191485
0.984945, -0.191485
0.986002, -0.191485
0.987059, -0.191485
0.988117, -0.191485
0.989174, -0.191485
0.990231, -0.191485
0.991289, -0.191485
0.992347, -0.191485
0.993408, -0.191485
0.994467, -0.191485
0.995524, -0.191485
0.996581, -0.191485
0.997638, -0.191485
0.998696, -0.191485
0.999752, -0.191485
1.000809, -0.191485
1.001866, -0.191485
1.002923, -0.191485
1.003980, -0.191485
1.005036, -0.191485
1.006093, -0.191485
1.007150, -0.191485
1.008206, -0.191485
1.009264, -0.191485
1.010321, -0.191485
1.011378, -0.191485
1.012435, -0.191485
1.013492, -0.191485
1.014549, -0.191485
1.015607, -0.191485
1.016663, -0.191485
1.017719, -0.191485
1.018776, -0.191485
1.019833, -0.191485
1.020890, -0.191485
1.021946, -0.191485
1.023004, -0.191485
1.024060, -0.191485
1.025117, -0.191485
1.026174, -0.191485
1.027236, -0.191485
1.028298, -0.191485
1.029357, -0.191485
1.030413, -0.191485
1.031468, -0.191485
1.032523, -0.191485
1.033578, -0.191485
1.034633, -0.191485
1.035689, -0.191485
1.036745, -0.191485
1.037800, -0.191485
1.038855, -0.191485
0.000000, 0.480618
0.001076, 0.480517
0.002133, 0.480012
0.003189, 0.479104
0.004268, 0.478398
0.005349, 0.477591
0.006431, 0.476481
0.007514, 0.474968
0.008596, 0.473253
0.009678, 0.471538
0.010764, 0.469924
0.011828, 0.467704
0.012890, 0.465283
0.013949, 0.462458
0.015006, 0.459835
0.016062, 0.457212
0.017119, 0.454589
0.018175, 0.451764
0.019231, 0.449040
0.020289, 0.445812
0.021345, 0.442987
0.022402, 0.439860
0.023460, 0.437136
0.024517, 0.434311
0.025576, 0.431688
0.026638, 0.428561
0.027703, 0.425231
0.028762, 0.422003
0.029821, 0.419077
0.030881, 0.416252
0.031938, 0.413528
0.032994, 0.411006
0.034052, 0.408081
0.035112, 0.405155
0.036168, 0.402330
0.037224, 0.399304
0.038280, 0.396479
0.039337, 0.394057
0.040394, 0.390930
0.041450, 0.388004
0.042506, 0.385179
0.043563, 0.382556
0.044625, 0.379631
0.045681, 0.376806
0.046736, 0.373981
0.047798, 0.371257
0.048855, 0.368533
0.049912, 0.366011
0.050969, 0.363186
0.052026, 0.360261
0.053083, 0.357537
0.054139, 0.354813
0.055198, 0.352190
0.056259, 0.349768
0.057316, 0.347045
0.058372, 0.344422
0.059429, 0.341597
0.060487, 0.338974
0.061543, 0.336250
0.062600, 0.333828
0.063657, 0.331105
0.064714, 0.328280
0.065770, 0.325556
0.066826, 0.323034
0.067883, 0.320612
0.068940, 0.317788
0.069996, 0.315064
0.071053, 0.312239
0.072110, 0.309717
0.073167, 0.307195
0.074224, 0.305076
0.075281, 0.302352
0.076339, 0.299729
0.077395, 0.297005
0.078451, 0.294382
0.079508, 0.291860
0.080570, 0.289640
0.081626, 0.286916
0.082683, 0.283991
0.083739, 0.281469
0.084800, 0.278745
0.085856, 0.276525
0.086913, 0.274407
0.087970, 0.272187
0.089027, 0.269564
0.090083, 0.266941
0.091140, 0.264318
0.092197, 0.261695
0.093258, 0.259576
0.094314, 0.257256
0.095372, 0.254633
0.096428, 0.252111
0.097489, 0.249589
0.098545, 0.247066
0.099602, 0.244847
0.100664, 0.242527
0.101725, 0.240206
0.102781, 0.237684
0.103838, 0.235162
0.104900, 0.232640
0.105956, 0.230118
0.107013, 0.227999
0.108071, 0.225679
0.109132, 0.223257
0.110188, 0.220634
0.111244, 0.218213
0.112302, 0.215994
0.113359, 0.213572
0.114415, 0.211353
0.115472, 0.209032
0.116528, 0.206712
0.117590, 0.204593
0.118647, 0.202172
0.119703, 0.199751
0.120760, 0.197330
0.121821, 0.195110
0.122877, 0.192891
0.123934, 0.190873
0.124991, 0.188452
0.126048, 0.186131
0.127104, 0.183710
0.128167, 0.181289
0.129225, 0.179069
0.130287, 0.176850
0.131344, 0.174832
0.132401, 0.172512
0.133457, 0.170191
0.134514, 0.167871
0.135570, 0.165550
0.136627, 0.163432
0.137684, 0.161515
0.138741, 0.159396
0.139798, 0.157076
0.140855, 0.154857
0.141911, 0.152637
0.142968, 0.150317
0.144025, 0.148299
0.145081, 0.146180
0.146138, 0.144163
0.147196, 0.141943
0.148252, 0.139925
0.149309, 0.137807
0.150366, 0.135486
0.151423, 0.133267
0.152484, 0.131148
0.153540, 0.129030
0.154597, 0.127214
0.155654, 0.124994
0.156711, 0.122775
0.157767, 0.120656
0.158824, 0.118638
0.159885, 0.116722
0.160943, 0.115107
0.162000, 0.113090
0.163056, 0.111173
0.164113, 0.109054
0.165174, 0.106633
0.166230, 0.104615
0.167287, 0.102598
0.168344, 0.100479
0.169401, 0.098562
0.170457, 0.096544
0.171514, 0.094628
0.172571, 0.092509
0.173628, 0.090693
0.174685, 0.088776
0.175741, 0.086758
0.176799, 0.084640
0.177859, 0.083026
0.178915, 0.081008
0.179973, 0.079192
0.181029, 0.077174
0.182091, 0.075157
0.183148, 0.073240
0.184205, 0.071525
0.185266, 0.069507
0.186322, 0.067590
0.187379, 0.065774
0.188436, 0.063958
0.189492, 0.062142
0.190551, 0.060427
0.191607, 0.058409
0.192665, 0.056594
0.193722, 0.054778
0.194778, 0.052760
0.195835, 0.051045
0.196892, 0.049531
0.197953, 0.047816
0.199010, 0.046000
0.200067, 0.044084
0.201127, 0.042167
0.202184, 0.040351
0.203241, 0.038535
0.204297, 0.036921
0.205354, 0.035307
0.206411, 0.033793
0.207468, 0.032078
0.208524, 0.030363
0.209581, 0.028850
0.210643, 0.026933
0.211700, 0.025218
0.212757, 0.023402
0.213814, 0.021485
0.214871, 0.019972
0.215933, 0.018156
0.216990, 0.016542
0.218046, 0.014928
0.219112, 0.013313
0.220168, 0.011699
0.221225, 0.010388
0.222282, 0.008774
0.223339, 0.007159
0.224396, 0.005545
0.225453, 0.003830
0.226510, 0.002216
0.227569, 0.000602
0.228673, -0.000912
0.229736, -0.002223
0.230793, -0.003938
0.231850, -0.005451
0.232907, -0.006965
0.233966, -0.008478
0.235028, -0.009991
0.236085, -0.011605
0.237142, -0.013018
0.238203, -0.014531
0.239260, -0.016044
0.240317, -0.017457
0.241378, -0.019071
0.242434, -0.020584
0.243491, -0.021997
0.244548, -0.023510
0.245606, -0.024922
0.246667, -0.026537
0.247724, -0.028050
0.248781, -0.029361
0.249838, -0.030673
0.250895, -0.032085
0.251951, -0.033498
0.253008, -0.034910
0.254069, -0.036423
0.255131, -0.037735
0.256188, -0.039147
0.257244, -0.040560
0.258301, -0.042073
0.259361, -0.043485
0.260417, -0.044999
0.261474, -0.046109
0.262531, -0.047521
0.263588, -0.048832
0.264644, -0.050043
0.265701, -0.051455
0.266760, -0.052868
0.267817, -0.053978
0.268874, -0.055289
0.269930, -0.056601
0.270986, -0.057912
0.272048, -0.059325
0.273105, -0.060636
0.274162, -0.061847
0.275223, -0.063057
0.276280, -0.064369
0.277337, -0.065580
0.278398, -0.066891
0.279454, -0.068203
0.280511, -0.069312
0.281568, -0.070725
0.282629, -0.071935
0.283689, -0.073146
0.284746, -0.074458
0.285803, -0.075567
0.286860, -0.076879
0.287918, -0.078089
0.288975, -0.079199
0.290031, -0.080410
0.291089, -0.081520
0.292146, -0.082528
0.293203, -0.083739
0.294259, -0.084950
0.295317, -0.086261
0.296378, -0.087472
0.297434, -0.088582
0.298492, -0.089691
0.299549, -0.090902
0.300605, -0.092113
0.301662, -0.093222
0.302719, -0.094332
0.303778, -0.095341
0.304835, -0.096350
0.305892, -0.097359
0.306949, -0.098468
0.308005, -0.099477
0.309066, -0.100688
0.310122, -0.101697
0.311179, -0.102706
0.312237, -0.103714
0.313293, -0.104824
0.314350, -0.105833
0.315406, -0.106943
0.316463, -0.107952
0.317520, -0.109061
0.318576, -0.110070
0.319633, -0.111079
0.320690, -0.112088
0.321752, -0.112895
0.322808, -0.113904
0.323865, -0.115014
0.324921, -0.116023
0.325982, -0.117031
0.327039, -0.118242
0.328096, -0.119251
0.329154, -0.120159
0.330211, -0.121168
0.331267, -0.122177
0.332324, -0.123186
0.333381, -0.124194
0.334442, -0.125001
0.335499, -0.125909
0.336556, -0.126616
0.337613, -0.127423
0.338674, -0.128432
0.339731, -0.129239
0.340793, -0.129844
0.341850, -0.130752
0.342911, -0.131559
0.343967, -0.132568
0.345023, -0.133375
0.346084, -0.134384
0.347140, -0.135292
0.348197, -0.135998
0.349254, -0.136906
0.350315, -0.137713
0.351371, -0.138621
0.352428, -0.139428
0.353485, -0.140336
0.354542, -0.141143
0.355598, -0.141950
0.356654, -0.142757
0.357711, -0.143464
0.358772, -0.144170
0.359828, -0.144977
0.360885, -0.145683
0.361942, -0.146389
0.363003, -0.147196
0.364059, -0.147903
0.365116, -0.148710
0.366173, -0.149416
0.367230, -0.150223
0.368287, -0.151030
0.369343, -0.151736
0.370400, -0.152442
0.371462, -0.153149
0.372519, -0.153855
0.373576, -0.154561
0.374632, -0.155368
0.375693, -0.156074
0.376749, -0.156781
0.377805, -0.157386
0.378867, -0.158092
0.379925, -0.158798
0.380981, -0.159404
0.382045, -0.160009
0.383117, -0.160715
0.384177, -0.161421
0.385236, -0.161926
0.386293, -0.162531
0.387350, -0.163136
0.388408, -0.163742
0.389466, -0.164448
0.390525, -0.165053
0.391582, -0.165659
0.392641, -0.166264
0.393699, -0.166970
0.394756, -0.167575
0.395814, -0.168181
0.396872, -0.168685
0.397933, -0.169290
0.398990, -0.169896
0.400047, -0.170501
0.401106, -0.171207
0.402162, -0.171813
0.403220, -0.172418
0.404277, -0.172922
0.405334, -0.173528
0.406391, -0.174032
0.407447, -0.174637
0.408504, -0.175142
0.409565, -0.175545
0.410622, -0.176050
0.411679, -0.176655
0.412736, -0.177160
0.413796, -0.177664
0.414852, -0.178068
0.415909, -0.178572
0.416966, -0.178976
0.418023, -0.179480
0.419084, -0.179984
0.420140, -0.180489
0.421197, -0.180892
0.422254, -0.181397
0.423311, -0.181901
0.424368, -0.182305
0.425424, -0.182809
0.426482, -0.183314
0.427543, -0.183717
0.428600, -0.184121
0.429657, -0.184524
0.430713, -0.184928
0.431772, -0.185331
0.432828, -0.185735
0.433885, -0.186138
0.434943, -0.186542
0.436000, -0.186946
0.437056, -0.187450
0.438113, -0.187853
0.439170, -0.188156
0.440231, -0.188560
0.441287, -0.188862
0.442344, -0.189266
0.443400, -0.189669
0.444459, -0.189972
0.445549, -0.190275
0.446608, -0.190577
0.447670, -0.190880
0.448726, -0.191183
0.449783, -0.191485
0.450839, -0.191687
0.451897, -0.191990
0.452957, -0.192292
0.454013, -0.192494
0.455069, -0.192797
0.456126, -0.193100
0.457187, -0.193402
0.458243, -0.193604
0.459300, -0.193806
0.460357, -0.194008
0.461413, -0.194209
0.462469, -0.194411
0.463526, -0.194613
0.464582, -0.194815
0.465643, -0.195016
0.466699, -0.195218
0.467757, -0.195420
0.468813, -0.195622
0.469874, -0.195823
0.470930, -0.195924
0.471987, -0.196126
0.473044, -0.196328
0.474100, -0.196429
0.475157, -0.196631
0.476216, -0.196832
0.477270, -0.197034
0.478324, -0.197135
0.479379, -0.197337
0.480451, -0.197438
0.481523, -0.197539
0.482603, -0.197740
0.483678, -0.197841
0.484758, -0.197942
0.485839, -0.198043
0.486920, -0.198144
0.488003, -0.198245
0.489085, -0.198346
0.490167, -0.198447
0.491250, -0.198547
0.492332, -0.198547
0.493415, -0.198648
0.494497, -0.198749
0.495578, -0.198749
0.496660, -0.198850
0.497743, -0.198951
0.498826, -0.198951
0.499908, -0.198951
0.500991, -0.199052
0.502073, -0.199052
0.503138, -0.199052
0.504221, -0.199153
0.505303, -0.199153
0.506385, -0.199153
0.507468, -0.199153
0.508551, -0.199153
0.509632, -0.199153
0.510715, -0.199153
0.511797, -0.199153
0.512879, -0.199153
0.513962, -0.199153
0.515044, -0.199052
0.516126, -0.199052
0.517209, -0.199052
0.518291, -0.199052
0.519373, -0.199052
0.520456, -0.198951
0.521538, -0.198951
0.522620, -0.198951
0.523702, -0.198951
0.524784, -0.198850
0.525866, -0.198850
0.526948, -0.198850
0.528031, -0.198749
0.529113, -0.198749
0.530195, -0.198749
0.531277, -0.198749
0.532360, -0.198648
0.533442, -0.198648
0.534524, -0.198648
0.535607, -0.198648
0.536690, -0.198547
0.537772, -0.198547
0.538853, -0.198547
0.539935, -0.198547
0.541017, -0.198547
0.542100, -0.198547
0.543183, -0.198447
0.544267, -0.198447
0.545349, -0.198447
0.546431, -0.198447
0.547514, -0.198447
0.548596, -0.198447
0.549678, -0.198447
0.550761, -0.198447
0.551844, -0.198447
0.552926, -0.198447
0.554009, -0.198447
0.555091, -0.198447
0.556173, -0.198447
0.557255, -0.198447
0.558337, -0.198447
0.559419, -0.198447
0.560503, -0.198447
0.561585, -0.198447
0.562667, -0.198447
0.563750, -0.198447
0.564832, -0.198447
0.565914, -0.198447
0.566996, -0.198447
0.568080, -0.198447
0.569162, -0.198447
0.570244, -0.198447
0.571326, -0.198447
0.572409, -0.198547
0.573491, -0.198547
0.574573, -0.198547
0.575656, -0.198547
0.576738, -0.198547
0.577820, -0.198547
0.578902, -0.198547
0.579986, -0.198547
0.581068, -0.198547
0.582150, -0.198547
0.583231, -0.198547
0.584314, -0.198547
0.585396, -0.198547
0.586479, -0.198547
0.587562, -0.198547
0.588644, -0.198547
0.589726, -0.198547
0.590809, -0.198547
0.591891, -0.198547
0.592973, -0.198547
0.594056, -0.198547
0.595139, -0.198547
0.596222, -0.198547
0.597304, -0.198547
0.598388, -0.198547
0.599469, -0.198547
0.600552, -0.198547
0.601633, -0.198547
0.602715, -0.198547
0.603798, -0.198547
0.604880, -0.198547
0.605962, -0.198547
0.607044, -0.198547
0.608127, -0.198547
0.609209, -0.198547
0.610292, -0.198547
0.611376, -0.198547
0.612458, -0.198547
0.613540, -0.198547
0.614623, -0.198547
0.615705, -0.198547
0.616787, -0.198547
0.617870, -0.198547
0.618952, -0.198547
0.620034, -0.198547
0.621116, -0.198547
0.622198, -0.198547
0.623280, -0.198547
0.624362, -0.198547
0.625444, -0.198547
0.626526, -0.198547
0.627609, -0.198547
0.628692, -0.198547
0.629774, -0.198547
0.630856, -0.198547
0.631939, -0.198547
0.633021, -0.198547
0.634103, -0.198547
0.635166, -0.198547
0.636249, -0.198547
0.637331, -0.198547
0.638414, -0.198547
0.639497, -0.198547
0.640579, -0.198547
0.641661, -0.198547
0.642743, -0.198547
0.643825, -0.198547
0.644907, -0.198547
0.645990, -0.198547
0.647073, -0.198547
0.648156, -0.198547
0.649238, -0.198547
0.650320, -0.198547
0.651403, -0.198547
0.652485, -0.198547
0.653568, -0.198547
0.654650, -0.198547
0.655732, -0.198547
0.656814, -0.198547
0.657896, -0.198547
0.658978, -0.198547
0.660061, -0.198547
0.661143, -0.198547
0.662226, -0.198547
0.663309, -0.198547
0.664391, -0.198547
0.665473, -0.198547
0.666584, -0.198547
0.667667, -0.198547
0.668749, -0.198547
0.669831, -0.198547
0.670912, -0.198547
0.671995, -0.198547
0.673077, -0.198547
0.674158, -0.198547
0.675240, -0.198547
0.676321, -0.198547
0.677403, -0.198547
0.678484, -0.198547
0.679563, -0.198547
0.680637, -0.198547
0.681709, -0.198547
0.682781, -0.198547
0.683854, -0.198547
0.684927, -0.198547
0.685999, -0.198547
0.687071, -0.198547
0.688152, -0.198547
0.689234, -0.198547
0.690315, -0.198547
0.691396, -0.198547
0.692478, -0.198547
0.693559, -0.198547
0.694636, -0.198547
0.695718, -0.198547
0.696800, -0.198547
0.697881, -0.198547
0.698962, -0.198547
0.700045, -0.198547
0.701107, -0.198547
0.702188, -0.198547
0.703246, -0.198547
0.704327, -0.198547
0.705408, -0.198547
0.706490, -0.198547
0.707565, -0.198547
0.708647, -0.198547
0.709727, -0.198547
0.710807, -0.198547
0.711887, -0.198547
0.712967, -0.198547
0.714043, -0.198547
0.715130, -0.198547
0.716212, -0.198547
0.717292, -0.198547
0.718373, -0.198547
0.719447, -0.198547
0.720529, -0.198547
0.721609, -0.198547
0.722690, -0.198547
0.723770, -0.198547
0.724851, -0.198547
0.725932, -0.198547
0.727013, -0.198547
0.728094, -0.198547
0.729176, -0.198547
0.730257, -0.198547
0.731339, -0.198547
0.732421, -0.198547
0.733502, -0.198547
0.734584, -0.198547
0.735666, -0.198547
0.736748, -0.198547
0.737830, -0.198547
0.738912, -0.198547
0.739994, -0.198547
0.741075, -0.198547
0.742157, -0.198547
0.743239, -0.198547
0.744321, -0.198547
0.745403, -0.198547
0.746484, -0.198547
0.747566, -0.198547
0.748648, -0.198547
0.749730, -0.198547
0.750812, -0.198547
0.751894, -0.198547
0.752975, -0.198547
0.754057, -0.198547
0.755139, -0.198547
0.756221, -0.198547
0.757303, -0.198547
0.758385, -0.198547
0.759467, -0.198547
0.760549, -0.198547
0.761630, -0.198547
0.762712, -0.198547
0.763795, -0.198547
0.764877, -0.198547
0.765960, -0.198547
0.767043, -0.198547
0.768125, -0.198547
0.769208, -0.198547
0.770291, -0.198547
0.771373, -0.198547
0.772455, -0.198547
0.773538, -0.198547
0.774620, -0.198547
0.775703, -0.198547
0.776786, -0.198547
0.777868, -0.198547
0.778950, -0.198547
0.780033, -0.198547
0.781116, -0.198547
0.782198, -0.198547
0.783280, -0.198547
0.784362, -0.198547
0.785445, -0.198547
0.786527, -0.198547
0.787610, -0.198547
0.788692, -0.198547
0.789774, -0.198547
0.790856, -0.198547
0.791939, -0.198547
0.793021, -0.198547
0.794103, -0.198547
0.795186, -0.198547
0.796268, -0.198547
0.797351, -0.198547
0.798433, -0.198547
0.799516, -0.198547
0.800598, -0.198547
0.801680, -0.198547
0.802762, -0.198547
0.803845, -0.198547
0.804927, -0.198547
0.806009, -0.198547
0.807091, -0.198547
0.808173, -0.198547
0.809256, -0.198547
0.810337, -0.198547
0.811413, -0.198547
0.812495, -0.198547
0.813578, -0.198547
0.814660, -0.198547
0.815743, -0.198547
0.816825, -0.198547
0.817907, -0.198547
0.818989, -0.198547
0.820072, -0.198547
0.821154, -0.198547
0.822236, -0.198547
0.823320, -0.198547
0.824402, -0.198547
0.825484, -0.198547
0.826567, -0.198547
0.827649, -0.198547
0.828731, -0.198547
0.829814, -0.198547
0.830896, -0.198547
0.831979, -0.198547
0.833061, -0.198547
0.834143, -0.198547
0.835227, -0.198547
0.836309, -0.198547
0.837391, -0.198547
0.838474, -0.198547
0.839558, -0.198547
0.840640, -0.198547
0.841723, -0.198547
0.842805, -0.198547
0.843888, -0.198547
0.844970, -0.198547
0.846052, -0.198547
0.847135, -0.198547
0.848218, -0.198547
0.849300, -0.198547
0.850383, -0.198547
0.851465, -0.198547
0.852548, -0.198547
0.853630, -0.198547
0.854712, -0.198547
0.855794, -0.198547
0.856877, -0.198547
0.857959, -0.198547
0.859042, -0.198547
0.860124, -0.198547
0.861207, -0.198547
0.862289, -0.198547
0.863372, -0.198547
0.864454, -0.198547
0.865536, -0.198547
0.866619, -0.198547
0.867702, -0.198547
0.868784, -0.198547
0.869867, -0.198547
0.870949, -0.198547
0.872033, -0.198547
0.873116, -0.198547
0.874198, -0.198547
0.875281, -0.198547
0.876363, -0.198547
0.877445, -0.198547
0.878527, -0.198547
0.879610, -0.198547
0.880693, -0.198547
0.881775, -0.198547
0.882858, -0.198547
0.883941, -0.198547
0.885023, -0.198547
0.886106, -0.198547
0.887188, -0.198547
0.888300, -0.198547
0.889383, -0.198547
0.890465, -0.198547
0.891547, -0.198547
0.892629, -0.198547
0.893711, -0.198547
0.894793, -0.198547
0.895875, -0.198547
0.896956, -0.198547
0.898038, -0.198547
0.899122, -0.198547
0.900204, -0.198547
0.901287, -0.198547
0.902368, -0.198547
0.903450, -0.198547
0.904531, -0.198547
0.905613, -0.198547
0.906694, -0.198547
0.907776, -0.198547
0.908859, -0.198547
0.909940, -0.198547
0.911022, -0.198547
0.912104, -0.198547
0.913186, -0.198547
0.914268, -0.198547
0.915350, -0.198547
0.916432, -0.198547
0.917513, -0.198547
0.918595, -0.198547
0.919677, -0.198547
0.920759, -0.198547
0.921841, -0.198547
0.922923, -0.198547
0.924005, -0.198547
0.925086, -0.198547
0.926164, -0.198547
0.927246, -0.198547
0.928327, -0.198547
0.929409, -0.198547
0.930490, -0.198547
0.931572, -0.198547
0.932654, -0.198547
0.933735, -0.198547
0.934817, -0.198547
0.935899, -0.198547
0.936980, -0.198547
0.938062, -0.198547
0.939144, -0.198547
0.940226, -0.198547
0.941307, -0.198547
0.942388, -0.198547
0.943471, -0.198547
0.944552, -0.198547
0.945634, -0.198547
0.946715, -0.198547
0.947798, -0.198547
0.948879, -0.198547
0.949962, -0.198547
0.951044, -0.198547
0.952125, -0.198547
0.953207, -0.198547
0.954289, -0.198547
0.955371, -0.198547
0.956453, -0.198547
0.957534, -0.198547
0.958616, -0.198547
0.959698, -0.198547
0.960780, -0.198547
0.961861, -0.198547
0.962943, -0.198547
0.964025, -0.198547
0.965107, -0.198547
0.966189, -0.198547
0.967278, -0.198547
0.968360, -0.198547
0.969442, -0.198547
0.970524, -0.198547
0.971606, -0.198547
0.972687, -0.198547
0.973769, -0.198547
0.974850, -0.198547
0.975933, -0.198547
0.977015, -0.198547
0.978099, -0.198547
0.979181, -0.198547
0.980264, -0.198547
0.981346, -0.198547
0.982369, -0.198547
0.983440, -0.198547
0.984506, -0.198547
0.985565, -0.198547
0.986621, -0.198547
0.987678, -0.198547
0.988736, -0.198547
0.989791, -0.198547
0.990846, -0.198547
0.991902, -0.198547
0.992957, -0.198547
0.994013, -0.198547
0.995068, -0.198547
0.996123, -0.198547
0.997180, -0.198547
0.998235, -0.198547
0.999291, -0.198547
1.000365, -0.198547
1.001447, -0.198547
1.002528, -0.198547
1.003611, -0.198547
1.004693, -0.198547
1.005775, -0.198547
1.006857, -0.198547
1.007940, -0.198547
1.009014, -0.198547
1.010095, -0.198547
1.011179, -0.198547
1.012261, -0.198547
1.013344, -0.198547
1.014425, -0.198547
1.015508, -0.198547
1.016590, -0.198547
1.017672, -0.198547
1.018754, -0.198547
1.019836, -0.198547
1.020918, -0.198547
1.022000, -0.198547
1.023081, -0.198547
1.024163, -0.198547
1.025245, -0.198547
1.026327, -0.198547
1.027414, -0.198547
1.028496, -0.198547
1.029573, -0.198547
1.030657, -0.198547
1.031740, -0.198547
1.032822, -0.198547
1.033904, -0.198547
1.034985, -0.198547
1.036067, -0.198547
1.037148, -0.198547
1.038230, -0.198547
1.039312, -0.198547
1.040393, -0.198547
1.041454, -0.198547
1.042517, -0.198547
1.043576, -0.198547
1.044632, -0.198547
1.045687, -0.198547
0.000000, 0.480416
0.001075, 0.480416
0.002134, 0.479912
0.003191, 0.479004
0.004247, 0.478196
0.005304, 0.477490
0.006362, 0.476381
0.007421, 0.475069
0.008478, 0.473455
0.009535, 0.471639
0.010600, 0.469924
0.011664, 0.467704
0.012726, 0.465283
0.013791, 0.462559
0.014846, 0.459936
0.015904, 0.457414
0.016968, 0.455094
0.018025, 0.452269
0.019082, 0.449343
0.020139, 0.446115
0.021197, 0.443189
0.022254, 0.440162
0.023310, 0.437741
0.024366, 0.434916
0.025426, 0.431991
0.026489, 0.428762
0.027555, 0.425534
0.028616, 0.422709
0.029673, 0.419783
0.030730, 0.417059
0.031786, 0.414235
0.032843, 0.411410
0.033899, 0.408585
0.034955, 0.405962
0.036012, 0.403137
0.037068, 0.400212
0.038127, 0.397387
0.039185, 0.394562
0.040242, 0.391636
0.041298, 0.389114
0.042355, 0.386188
0.043411, 0.383263
0.044467, 0.380438
0.045525, 0.377512
0.046591, 0.374990
0.047648, 0.372367
0.048705, 0.369643
0.049762, 0.366919
0.050819, 0.363993
0.051876, 0.361169
0.052933, 0.358344
0.053990, 0.356023
0.055047, 0.353501
0.056103, 0.350576
0.057170, 0.348255
0.058228, 0.345531
0.059285, 0.342706
0.060341, 0.340083
0.061398, 0.337460
0.062455, 0.335039
0.063512, 0.332315
0.064574, 0.329591
0.065630, 0.326766
0.066687, 0.324244
0.067744, 0.321722
0.068816, 0.319200
0.069881, 0.316577
0.070938, 0.313752
0.071995, 0.311230
0.073052, 0.308708
0.074109, 0.306186
0.075165, 0.303664
0.076222, 0.301040
0.077278, 0.298417
0.078336, 0.296097
0.079392, 0.293474
0.080449, 0.290952
0.081506, 0.288430
0.082562, 0.285706
0.083618, 0.283285
0.084674, 0.280662
0.085731, 0.278038
0.086787, 0.275920
0.087844, 0.273599
0.088901, 0.271178
0.089966, 0.268858
0.091023, 0.266336
0.092088, 0.263612
0.093144, 0.261090
0.094201, 0.258668
0.095258, 0.256348
0.096315, 0.254128
0.097371, 0.251606
0.098428, 0.249084
0.099487, 0.246562
0.100552, 0.244141
0.101622, 0.241820
0.102678, 0.239803
0.103735, 0.237280
0.104791, 0.234859
0.105847, 0.232236
0.106904, 0.229916
0.107961, 0.227696
0.109017, 0.225376
0.110075, 0.223056
0.111132, 0.220433
0.112188, 0.218112
0.113245, 0.215590
0.114301, 0.213471
0.115358, 0.211252
0.116414, 0.209032
0.117470, 0.206712
0.118527, 0.204291
0.119583, 0.201970
0.120639, 0.199852
0.121695, 0.197430
0.122752, 0.195211
0.123808, 0.192991
0.124864, 0.190671
0.125921, 0.188653
0.126986, 0.186131
0.128042, 0.183710
0.129098, 0.181692
0.130155, 0.179473
0.131211, 0.177253
0.132267, 0.175034
0.133326, 0.172713
0.134385, 0.170696
0.135442, 0.168476
0.136498, 0.166156
0.137556, 0.163936
0.138615, 0.161818
0.139672, 0.159699
0.140731, 0.157480
0.141790, 0.155462
0.142846, 0.153343
0.143903, 0.151124
0.144961, 0.148904
0.146018, 0.146786
0.147074, 0.144869
0.148131, 0.142851
0.149188, 0.140531
0.150245, 0.138614
0.151301, 0.136495
0.152358, 0.134276
0.153419, 0.132056
0.154476, 0.130039
0.155532, 0.127920
0.156561, 0.126104
0.157617, 0.123683
0.158674, 0.121665
0.159737, 0.119849
0.160793, 0.117730
0.161850, 0.115915
0.162906, 0.114401
0.163962, 0.112384
0.165019, 0.110366
0.166075, 0.108146
0.167132, 0.105927
0.168197, 0.104111
0.169254, 0.101891
0.170313, 0.099874
0.171369, 0.097957
0.172425, 0.096040
0.173482, 0.094022
0.174538, 0.092206
0.175595, 0.090289
0.176650, 0.088272
0.177706, 0.086355
0.178762, 0.084337
0.179819, 0.082521
0.180875, 0.080604
0.181931, 0.078990
0.182987, 0.076972
0.184043, 0.075056
0.185100, 0.073139
0.186156, 0.071222
0.187213, 0.069507
0.188269, 0.067590
0.189325, 0.065673
0.190381, 0.064160
0.191437, 0.062344
0.192493, 0.060427
0.193550, 0.058510
0.194611, 0.056896
0.195668, 0.055080
0.196724, 0.053163
0.197789, 0.051448
0.198845, 0.049733
0.199902, 0.048018
0.200958, 0.046303
0.202014, 0.044487
0.203070, 0.042570
0.204126, 0.040754
0.205191, 0.039241
0.206248, 0.037425
0.207304, 0.035710
0.208362, 0.034399
0.209418, 0.032684
0.210484, 0.031069
0.211549, 0.029455
0.212560, 0.027841
0.213616, 0.026025
0.214673, 0.024310
0.215739, 0.022494
0.216802, 0.020779
0.217860, 0.018963
0.218916, 0.017551
0.219973, 0.015936
0.221030, 0.014423
0.222087, 0.012809
0.223143, 0.011195
0.224200, 0.009883
0.225275, 0.008370
0.226332, 0.006756
0.227388, 0.005142
0.228482, 0.003527
0.229539, 0.002014
0.230596, 0.000501
0.231652, -0.001012
0.232710, -0.002526
0.233757, -0.004140
0.234820, -0.005552
0.235878, -0.006864
0.236935, -0.008377
0.237992, -0.009890
0.239049, -0.011404
0.240106, -0.012917
0.241164, -0.014229
0.242222, -0.015742
0.243278, -0.017154
0.244335, -0.018668
0.245394, -0.020181
0.246452, -0.021694
0.247510, -0.023107
0.248567, -0.024418
0.249624, -0.025931
0.250684, -0.027344
0.251743, -0.028857
0.252801, -0.030169
0.253859, -0.031581
0.254917, -0.032691
0.255974, -0.034002
0.257031, -0.035415
0.258088, -0.036928
0.259146, -0.038340
0.260202, -0.039753
0.261259, -0.040963
0.262316, -0.042376
0.263374, -0.043788
0.264431, -0.045201
0.265488, -0.046310
0.266546, -0.047622
0.267602, -0.048933
0.268659, -0.050144
0.269716, -0.051455
0.270774, -0.052868
0.271832, -0.054079
0.272889, -0.055188
0.273946, -0.056500
0.275003, -0.057710
0.276061, -0.059022
0.277120, -0.060333
0.278176, -0.061443
0.279233, -0.062654
0.280290, -0.063965
0.281347, -0.065075
0.282404, -0.066387
0.283462, -0.067597
0.284520, -0.068707
0.285577, -0.070019
0.286634, -0.071229
0.287691, -0.072440
0.288749, -0.073550
0.289806, -0.074861
0.290863, -0.075870
0.291920, -0.077081
0.292977, -0.078190
0.294034, -0.079300
0.295091, -0.080511
0.296149, -0.081520
0.297207, -0.082629
0.298265, -0.083739
0.299322, -0.084950
0.300379, -0.086160
0.301437, -0.087169
0.302494, -0.088279
0.303551, -0.089389
0.304608, -0.090599
0.305666, -0.091709
0.306722, -0.092819
0.307779, -0.093929
0.308837, -0.094736
0.309894, -0.095845
0.310950, -0.096854
0.312007, -0.097762
0.313064, -0.098771
0.314122, -0.099679
0.315179, -0.100789
0.316236, -0.101798
0.317293, -0.102907
0.318350, -0.103815
0.319408, -0.104824
0.320465, -0.105833
0.321523, -0.106741
0.322579, -0.107750
0.323636, -0.108860
0.324693, -0.109768
0.325750, -0.110777
0.326807, -0.111483
0.327865, -0.112492
0.328922, -0.113400
0.329979, -0.114408
0.331037, -0.115316
0.332095, -0.116224
0.333152, -0.117233
0.334209, -0.118343
0.335266, -0.119453
0.336323, -0.120260
0.337381, -0.121168
0.338438, -0.121975
0.339494, -0.122984
0.340552, -0.123892
0.341616, -0.124800
0.342673, -0.125607
0.343730, -0.126313
0.344787, -0.126918
0.345845, -0.127725
0.346902, -0.128633
0.347958, -0.129340
0.349017, -0.130046
0.350078, -0.130752
0.351138, -0.131559
0.352201, -0.132366
0.353260, -0.133274
0.354318, -0.134081
0.355376, -0.134989
0.356434, -0.135695
0.357492, -0.136502
0.358548, -0.137209
0.359605, -0.137915
0.360661, -0.138823
0.361720, -0.139529
0.362775, -0.140336
0.363834, -0.141143
0.364891, -0.141749
0.365948, -0.142455
0.367004, -0.143161
0.368060, -0.143867
0.369118, -0.144573
0.370176, -0.145179
0.371233, -0.145784
0.372290, -0.146490
0.373348, -0.147196
0.374405, -0.147802
0.375462, -0.148508
0.376519, -0.149214
0.377576, -0.149819
0.378633, -0.150526
0.379689, -0.151232
0.380746, -0.151837
0.381803, -0.152442
0.382861, -0.153048
0.383918, -0.153653
0.384975, -0.154359
0.386032, -0.154965
0.387091, -0.155570
0.388149, -0.156175
0.389206, -0.156881
0.390263, -0.157487
0.391320, -0.158092
0.392377, -0.158597
0.393434, -0.159202
0.394491, -0.159605
0.395548, -0.160211
0.396566, -0.160816
0.397624, -0.161320
0.398692, -0.161724
0.399749, -0.162329
0.400807, -0.162733
0.401864, -0.163338
0.402921, -0.163843
0.403979, -0.164347
0.405037, -0.164952
0.406095, -0.165457
0.407153, -0.166062
0.408208, -0.166466
0.409266, -0.167071
0.410324, -0.167575
0.411382, -0.167979
0.412441, -0.168584
0.413498, -0.168988
0.414556, -0.169492
0.415613, -0.169997
0.416669, -0.170501
0.417726, -0.171006
0.418784, -0.171409
0.419841, -0.171913
0.420899, -0.172418
0.421956, -0.172922
0.423012, -0.173326
0.424069, -0.173830
0.425127, -0.174234
0.426184, -0.174637
0.427242, -0.175041
0.428300, -0.175444
0.429357, -0.175747
0.430413, -0.176151
0.431470, -0.176554
0.432526, -0.176958
0.433583, -0.177361
0.434642, -0.177664
0.435716, -0.177967
0.436774, -0.178370
0.437831, -0.178673
0.438888, -0.178976
0.439945, -0.179379
0.441003, -0.179682
0.442060, -0.179984
0.443117, -0.180388
0.444175, -0.180691
0.445264, -0.181094
0.446324, -0.181397
0.447381, -0.181699
0.448439, -0.182002
0.449496, -0.182305
0.450554, -0.182607
0.451612, -0.182910
0.452669, -0.183314
0.453728, -0.183616
0.454801, -0.183818
0.455859, -0.184020
0.456915, -0.184322
0.457973, -0.184524
0.459031, -0.184726
0.460089, -0.185029
0.461163, -0.185230
0.462220, -0.185432
0.463277, -0.185634
0.464334, -0.185937
0.465392, -0.186138
0.466449, -0.186340
0.467508, -0.186542
0.468565, -0.186744
0.469623, -0.186946
0.470680, -0.187147
0.471737, -0.187349
0.472794, -0.187551
0.473851, -0.187753
0.474909, -0.187853
0.475966, -0.188055
0.477023, -0.188156
0.478082, -0.188358
0.479138, -0.188459
0.480196, -0.188661
0.481268, -0.188761
0.482325, -0.188862
0.483382, -0.188963
0.484439, -0.189064
0.485496, -0.189266
0.486553, -0.189367
0.487626, -0.189367
0.488685, -0.189468
0.489742, -0.189569
0.490799, -0.189669
0.491855, -0.189669
0.492912, -0.189770
0.493969, -0.189871
0.495026, -0.189871
0.496099, -0.189871
0.497156, -0.189972
0.498213, -0.189972
0.499271, -0.189972
0.500328, -0.190073
0.501386, -0.190073
0.502443, -0.190073
0.503501, -0.190073
0.504559, -0.190073
0.505617, -0.190073
0.506674, -0.190073
0.507730, -0.190073
0.508785, -0.190073
0.509842, -0.190073
0.510897, -0.189972
0.511953, -0.189972
0.513009, -0.189972
0.514065, -0.189972
0.515120, -0.189972
0.516176, -0.189871
0.517231, -0.189871
0.518287, -0.189871
0.519344, -0.189770
0.520401, -0.189770
0.521456, -0.189770
0.522512, -0.189669
0.523568, -0.189669
0.524625, -0.189669
0.525681, -0.189669
0.526736, -0.189569
0.527792, -0.189569
0.528848, -0.189569
0.529904, -0.189468
0.530960, -0.189468
0.532015, -0.189468
0.533071, -0.189468
0.534126, -0.189367
0.535182, -0.189367
0.536238, -0.189367
0.537294, -0.189367
0.538349, -0.189367
0.539405, -0.189266
0.540461, -0.189266
0.541519, -0.189266
0.542575, -0.189266
0.543630, -0.189266
0.544686, -0.189266
0.545742, -0.189165
0.546798, -0.189165
0.547853, -0.189165
0.548909, -0.189165
0.549964, -0.189165
0.551019, -0.189165
0.552075, -0.189165
0.553131, -0.189165
0.554187, -0.189165
0.555242, -0.189165
0.556297, -0.189165
0.557353, -0.189165
0.558409, -0.189165
0.559465, -0.189165
0.560521, -0.189165
0.561577, -0.189165
0.562633, -0.189165
0.563688, -0.189165
0.564744, -0.189165
0.565801, -0.189165
0.566856, -0.189165
0.567912, -0.189165
0.568968, -0.189266
0.570024, -0.189266
0.571081, -0.189266
0.572137, -0.189266
0.573192, -0.189266
0.574249, -0.189266
0.575305, -0.189266
0.576361, -0.189266
0.577417, -0.189266
0.578472, -0.189266
0.579528, -0.189266
0.580563, -0.189266
0.581619, -0.189266
0.582674, -0.189266
0.583729, -0.189266
0.584786, -0.189266
0.585841, -0.189266
0.586896, -0.189266
0.587951, -0.189266
0.589007, -0.189266
0.590062, -0.189266
0.591118, -0.189266
0.592173, -0.189266
0.593229, -0.189266
0.594284, -0.189266
0.595341, -0.189266
0.596396, -0.189266
0.597452, -0.189266
0.598508, -0.189266
0.599564, -0.189266
0.600619, -0.189266
0.601675, -0.189266
0.602730, -0.189266
0.603786, -0.189266
0.604842, -0.189266
0.605898, -0.189266
0.606954, -0.189266
0.608009, -0.189266
0.609065, -0.189266
0.610121, -0.189266
0.611176, -0.189266
0.612231, -0.189266
0.613287, -0.189266
0.614343, -0.189266
0.615399, -0.189266
0.616455, -0.189266
0.617511, -0.189266
0.618566, -0.189266
0.619623, -0.189266
0.620681, -0.189266
0.621737, -0.189266
0.622792, -0.189266
0.623848, -0.189266
0.624904, -0.189266
0.625960, -0.189266
0.627016, -0.189266
0.628071, -0.189266
0.629126, -0.189266
0.630182, -0.189266
0.631237, -0.189266
0.632294, -0.189266
0.633349, -0.189266
0.634405, -0.189266
0.635460, -0.189266
0.636515, -0.189266
0.637572, -0.189266
0.638627, -0.189266
0.639683, -0.189266
0.640738, -0.189266
0.641794, -0.189266
0.642849, -0.189266
0.643905, -0.189266
0.644960, -0.189266
0.646016, -0.189266
0.647072, -0.189266
0.648129, -0.189266
0.649184, -0.189266
0.650239, -0.189266
0.651295, -0.189266
0.652350, -0.189266
0.653406, -0.189266
0.654461, -0.189266
0.655517, -0.189266
0.656573, -0.189266
0.657628, -0.189266
0.658684, -0.189266
0.659740, -0.189266
0.660796, -0.189266
0.661877, -0.189266
0.662933, -0.189266
0.663988, -0.189266
0.665044, -0.189266
0.666099, -0.189266
0.667155, -0.189266
0.668211, -0.189266
0.669267, -0.189266
0.670322, -0.189266
0.671378, -0.189266
0.672435, -0.189266
0.673491, -0.189266
0.674547, -0.189266
0.675602, -0.189266
0.676658, -0.189266
0.677714, -0.189266
0.678770, -0.189266
0.679827, -0.189266
0.680882, -0.189266
0.681938, -0.189266
0.682995, -0.189266
0.684052, -0.189266
0.685108, -0.189266
0.686163, -0.189266
0.687218, -0.189266
0.688274, -0.189266
0.689331, -0.189266
0.690388, -0.189266
0.691443, -0.189266
0.692499, -0.189266
0.693555, -0.189266
0.694612, -0.189266
0.695668, -0.189266
0.696723, -0.189266
0.697779, -0.189266
0.698834, -0.189266
0.699890, -0.189266
0.700946, -0.189266
0.702001, -0.189266
0.703056, -0.189266
0.704111, -0.189266
0.705167, -0.189266
0.706222, -0.189266
0.707278, -0.189266
0.708334, -0.189266
0.709390, -0.189266
0.710446, -0.189266
0.711502, -0.189266
0.712558, -0.189266
0.713613, -0.189266
0.714668, -0.189266
0.715724, -0.189266
0.716779, -0.189266
0.717835, -0.189266
0.718891, -0.189266
0.719946, -0.189266
0.721001, -0.189266
0.722057, -0.189266
0.723113, -0.189266
0.724168, -0.189266
0.725223, -0.189266
0.726279, -0.189266
0.727334, -0.189266
0.728389, -0.189266
0.729446, -0.189266
0.730502, -0.189266
0.731558, -0.189266
0.732613, -0.189266
0.733669, -0.189266
0.734726, -0.189266
0.735782, -0.189266
0.736838, -0.189266
0.737893, -0.189266
0.738949, -0.189266
0.740005, -0.189266
0.741061, -0.189266
0.742116, -0.189266
0.743173, -0.189266
0.744228, -0.189266
0.745285, -0.189266
0.746341, -0.189266
0.747396, -0.189266
0.748452, -0.189266
0.749508, -0.189266
0.750564, -0.189266
0.751621, -0.189266
0.752678, -0.189266
0.753734, -0.189266
0.754790, -0.189266
0.755845, -0.189266
0.756901, -0.189266
0.757956, -0.189266
0.759012, -0.189266
0.760067, -0.189266
0.761123, -0.189266
0.762180, -0.189266
0.763236, -0.189266
0.764292, -0.189266
0.765348, -0.189266
0.766404, -0.189266
0.767459, -0.189266
0.768514, -0.189266
0.769571, -0.189266
0.770627, -0.189266
0.771682, -0.189266
0.772738, -0.189266
0.773793, -0.189266
0.774851, -0.189266
0.775907, -0.189266
0.776964, -0.189266
0.778019, -0.189266
0.779074, -0.189266
0.780130, -0.189266
0.781186, -0.189266
0.782242, -0.189266
0.783297, -0.189266
0.784353, -0.189266
0.785411, -0.189266
0.786468, -0.189266
0.787524, -0.189266
0.788579, -0.189266
0.789634, -0.189266
0.790691, -0.189266
0.791748, -0.189266
0.792803, -0.189266
0.793858, -0.189266
0.794914, -0.189266
0.795971, -0.189266
0.797027, -0.189266
0.798082, -0.189266
0.799138, -0.189266
0.800194, -0.189266
0.801249, -0.189266
0.802305, -0.189266
0.803360, -0.189266
0.804416, -0.189266
0.805472, -0.189266
0.806528, -0.189266
0.807584, -0.189266
0.808639, -0.189266
0.809695, -0.189266
0.810751, -0.189266
0.811807, -0.189266
0.812862, -0.189266
0.813918, -0.189266
0.814974, -0.189266
0.816029, -0.189266
0.817086, -0.189266
0.818142, -0.189266
0.819197, -0.189266
0.820254, -0.189266
0.821310, -0.189266
0.822365, -0.189266
0.823421, -0.189266
0.824476, -0.189266
0.825533, -0.189266
0.826590, -0.189266
0.827646, -0.189266
0.828702, -0.189266
0.829757, -0.189266
0.830813, -0.189266
0.831870, -0.189266
0.832926, -0.189266
0.833981, -0.189266
0.835037, -0.189266
0.836093, -0.189266
0.837149, -0.189266
0.838205, -0.189266
0.839260, -0.189266
0.840316, -0.189266
0.841371, -0.189266
0.842428, -0.189266
0.843483, -0.189266
0.844538, -0.189266
0.845594, -0.189266
0.846649, -0.189266
0.847705, -0.189266
0.848762, -0.189266
0.849817, -0.189266
0.850873, -0.189266
0.851929, -0.189266
0.852985, -0.189266
0.854041, -0.189266
0.855097, -0.189266
0.856152, -0.189266
0.857208, -0.189266
0.858263, -0.189266
0.859320, -0.189266
0.860376, -0.189266
0.861432, -0.189266
0.862487, -0.189266
0.863543, -0.189266
0.864599, -0.189266
0.865654, -0.189266
0.866710, -0.189266
0.867766, -0.189266
0.868822, -0.189266
0.869878, -0.189266
0.870934, -0.189266
0.871990, -0.189266
0.873047, -0.189266
0.874102, -0.189266
0.875158, -0.189266
0.876214, -0.189266
0.877270, -0.189266
0.878341, -0.189266
0.879398, -0.189266
0.880455, -0.189266
0.881511, -0.189266
0.882566, -0.189266
0.883622, -0.189266
0.884677, -0.189266
0.885733, -0.189266
0.886788, -0.189266
0.887844, -0.189266
0.888899, -0.189266
0.889955, -0.189266
0.891011, -0.189266
0.892066, -0.189266
0.893122, -0.189266
0.894178, -0.189266
0.895234, -0.189266
0.896290, -0.189266
0.897345, -0.189266
0.898401, -0.189266
0.899456, -0.189266
0.900513, -0.189266
0.901569, -0.189266
0.902625, -0.189266
0.903680, -0.189266
0.904737, -0.189266
0.905792, -0.189266
0.906849, -0.189266
0.907904, -0.189266
0.908960, -0.189266
0.910016, -0.189266
0.911072, -0.189266
0.912129, -0.189266
0.913185, -0.189266
0.914240, -0.189266
0.915295, -0.189266
0.916350, -0.189266
0.917407, -0.189266
0.918464, -0.189266
0.919519, -0.189266
0.920575, -0.189266
0.921631, -0.189266
0.922687, -0.189266
0.923743, -0.189266
0.924798, -0.189266
0.925853, -0.189266
0.926909, -0.189266
0.927964, -0.189266
0.929019, -0.189266
0.930075, -0.189266
0.931130, -0.189266
0.932185, -0.189266
0.933241, -0.189266
0.934296, -0.189266
0.935351, -0.189266
0.936407, -0.189266
0.937463, -0.189266
0.938518, -0.189266
0.939573, -0.189266
0.940630, -0.189266
0.941686, -0.189266
0.942742, -0.189266
0.943797, -0.189266
0.944853, -0.189266
0.945908, -0.189266
0.946964, -0.189266
0.948019, -0.189266
0.949075, -0.189266
0.950130, -0.189266
0.951190, -0.189266
0.952251, -0.189266
0.953309, -0.189266
0.954366, -0.189266
0.955426, -0.189266
0.956486, -0.189266
0.957543, -0.189266
0.958600, -0.189266
0.959656, -0.189266
0.960713, -0.189266
0.961770, -0.189266
0.962826, -0.189266
0.963882, -0.189266
0.964938, -0.189266
0.965994, -0.189266
0.967051, -0.189266
0.968107, -0.189266
0.969163, -0.189266
0.970220, -0.189266
0.971276, -0.189266
0.972333, -0.189266
0.973389, -0.189266
0.974445, -0.189266
0.975502, -0.189266
0.976561, -0.189266
0.977617, -0.189266
0.978674, -0.189266
0.979730, -0.189266
0.980787, -0.189266
0.981843, -0.189266
0.982902, -0.189266
0.983958, -0.189266
0.985014, -0.189266
0.986070, -0.189266
0.987127, -0.189266
0.988183, -0.189266
0.989239, -0.189266
0.990296, -0.189266
0.991352, -0.189266
0.992408, -0.189266
0.993465, -0.189266
0.994521, -0.189266
0.995577, -0.189266
0.996634, -0.189266
0.997691, -0.189266
0.998747, -0.189266
0.999803, -0.189266
1.000864, -0.189266
1.001922, -0.189266
1.002979, -0.189266
1.004037, -0.189266
1.005094, -0.189266
1.006150, -0.189266
1.007207, -0.189266
1.008263, -0.189266
1.009320, -0.189266
1.010378, -0.189266
1.011435, -0.189266
1.012492, -0.189266
1.013549, -0.189266
1.014607, -0.189266
1.015663, -0.189266
1.016720, -0.189266
1.017777, -0.189266
1.018833, -0.189266
1.019890, -0.189266
1.020947, -0.189266
1.022003, -0.189266
1.023059, -0.189266
1.024116, -0.189266
1.025172, -0.189266
1.026232, -0.189266
1.027296, -0.189266
1.028353, -0.189266
1.029411, -0.189266
1.030468, -0.189266
0.000000, 0.480416
0.001095, 0.480416
0.002158, 0.479912
0.003242, 0.479004
0.004324, 0.478196
0.005407, 0.477490
0.006489, 0.476381
0.007572, 0.474867
0.008658, 0.473253
0.009741, 0.471538
0.010803, 0.469924
0.011866, 0.467503
0.012926, 0.464980
0.013987, 0.462256
0.015044, 0.459633
0.016099, 0.457414
0.017180, 0.454690
0.018262, 0.451865
0.019344, 0.448839
0.020427, 0.445711
0.021509, 0.442785
0.022591, 0.439658
0.023674, 0.437035
0.024756, 0.434311
0.025819, 0.431184
0.026881, 0.428056
0.027963, 0.424828
0.029044, 0.421599
0.030119, 0.418775
0.031195, 0.415950
0.032266, 0.413226
0.033338, 0.410401
0.034410, 0.407475
0.035482, 0.404651
0.036557, 0.401725
0.037639, 0.398799
0.038719, 0.395974
0.039800, 0.393250
0.040860, 0.390526
0.041918, 0.387500
0.042973, 0.384675
0.044028, 0.381648
0.045083, 0.379227
0.046139, 0.376402
0.047194, 0.373578
0.048249, 0.370955
0.049304, 0.368231
0.050359, 0.365708
0.051414, 0.362783
0.052468, 0.359958
0.053523, 0.357234
0.054578, 0.354914
0.055633, 0.352291
0.056686, 0.349567
0.057746, 0.346944
0.058808, 0.344220
0.059867, 0.341496
0.060926, 0.339175
0.061983, 0.336552
0.063040, 0.333728
0.064100, 0.331004
0.065161, 0.328280
0.066222, 0.325556
0.067285, 0.323034
0.068346, 0.320411
0.069404, 0.317989
0.070461, 0.315265
0.071518, 0.312542
0.072575, 0.309818
0.073632, 0.307295
0.074689, 0.305177
0.075746, 0.302554
0.076804, 0.299931
0.077861, 0.297308
0.078918, 0.294685
0.079976, 0.292163
0.081035, 0.289640
0.082092, 0.287320
0.083149, 0.284394
0.084206, 0.281872
0.085264, 0.279148
0.086322, 0.277130
0.087378, 0.274810
0.088438, 0.272591
0.089498, 0.270068
0.090555, 0.267445
0.091613, 0.264822
0.092671, 0.262603
0.093728, 0.260182
0.094786, 0.257760
0.095844, 0.255339
0.096904, 0.252716
0.097964, 0.250295
0.099026, 0.248075
0.100082, 0.245553
0.101139, 0.243233
0.102196, 0.240912
0.103257, 0.238491
0.104317, 0.235969
0.105373, 0.233548
0.106430, 0.231328
0.107487, 0.228907
0.108544, 0.226486
0.109600, 0.224266
0.110657, 0.221845
0.111714, 0.219625
0.112770, 0.217204
0.113827, 0.214682
0.114883, 0.212362
0.115941, 0.210041
0.116997, 0.207923
0.118054, 0.205501
0.119112, 0.203383
0.120168, 0.201062
0.121230, 0.198540
0.122287, 0.196220
0.123343, 0.194202
0.124400, 0.192084
0.125456, 0.189662
0.126513, 0.187342
0.127569, 0.185122
0.128625, 0.182701
0.129683, 0.180683
0.130740, 0.178464
0.131796, 0.176244
0.132852, 0.173924
0.133909, 0.171604
0.134965, 0.169485
0.136021, 0.167366
0.137078, 0.165147
0.138134, 0.163028
0.139192, 0.160910
0.140249, 0.158791
0.141305, 0.156471
0.142362, 0.154554
0.143419, 0.152334
0.144475, 0.150115
0.145531, 0.147895
0.146588, 0.145777
0.147649, 0.144062
0.148706, 0.141842
0.149762, 0.139623
0.150819, 0.137504
0.151877, 0.135285
0.152933, 0.133065
0.153990, 0.131148
0.155046, 0.129131
0.156102, 0.127012
0.157158, 0.124893
0.158215, 0.122573
0.159271, 0.120858
0.160328, 0.118840
0.161384, 0.116722
0.162446, 0.115107
0.163527, 0.113090
0.164608, 0.111274
0.165690, 0.109155
0.166774, 0.106734
0.167855, 0.104716
0.168938, 0.102497
0.170020, 0.100479
0.171102, 0.098562
0.172184, 0.096544
0.173267, 0.094628
0.174349, 0.092610
0.175430, 0.090592
0.176512, 0.088675
0.177595, 0.086658
0.178677, 0.084640
0.179759, 0.082824
0.180841, 0.080907
0.181924, 0.079091
0.183006, 0.077073
0.184088, 0.075056
0.185170, 0.073240
0.186252, 0.071323
0.187334, 0.069305
0.188417, 0.067388
0.189477, 0.065572
0.190535, 0.063857
0.191614, 0.062041
0.192697, 0.060125
0.193779, 0.058208
0.194861, 0.056493
0.195943, 0.054677
0.197026, 0.052760
0.198108, 0.051045
0.199191, 0.049330
0.200273, 0.047615
0.201356, 0.045900
0.202439, 0.043983
0.203521, 0.042066
0.204603, 0.040351
0.205686, 0.038535
0.206768, 0.036517
0.207850, 0.035004
0.208933, 0.033390
0.210017, 0.031776
0.211099, 0.030161
0.212181, 0.028345
0.213264, 0.026529
0.214346, 0.024814
0.215428, 0.023099
0.216511, 0.021283
0.217593, 0.019568
0.218676, 0.017853
0.219758, 0.016239
0.220842, 0.014726
0.221925, 0.013112
0.223006, 0.011598
0.224085, 0.009984
0.225168, 0.008572
0.226250, 0.006857
0.227333, 0.005242
0.228416, 0.003527
0.229499, 0.002014
0.230609, 0.000400
0.231692, -0.001012
0.232775, -0.002526
0.233857, -0.004140
0.234939, -0.005653
0.236021, -0.007167
0.237108, -0.008579
0.238192, -0.010092
0.239274, -0.011706
0.240357, -0.013220
0.241440, -0.014733
0.242523, -0.016145
0.243604, -0.017659
0.244686, -0.019172
0.245769, -0.020685
0.246850, -0.022199
0.247932, -0.023611
0.249016, -0.025023
0.250098, -0.026537
0.251179, -0.028050
0.252261, -0.029462
0.253344, -0.030774
0.254426, -0.032186
0.255509, -0.033498
0.256591, -0.034809
0.257673, -0.036423
0.258755, -0.037836
0.259837, -0.039248
0.260920, -0.040560
0.262002, -0.042073
0.263084, -0.043485
0.264166, -0.044898
0.265248, -0.046209
0.266330, -0.047521
0.267412, -0.048732
0.268494, -0.050043
0.269577, -0.051355
0.270660, -0.052666
0.271742, -0.053978
0.272824, -0.055188
0.273907, -0.056500
0.274989, -0.057811
0.276071, -0.059022
0.277154, -0.060434
0.278236, -0.061847
0.279318, -0.062856
0.280400, -0.064167
0.281482, -0.065277
0.282565, -0.066588
0.283648, -0.068001
0.284731, -0.069211
0.285813, -0.070523
0.286895, -0.071734
0.287977, -0.072944
0.289060, -0.074155
0.290142, -0.075365
0.291220, -0.076576
0.292302, -0.077686
0.293384, -0.078695
0.294466, -0.079905
0.295548, -0.081116
0.296631, -0.082125
0.297707, -0.083235
0.298780, -0.084445
0.299852, -0.085656
0.300925, -0.086867
0.301998, -0.087976
0.303070, -0.089086
0.304142, -0.090297
0.305214, -0.091406
0.306286, -0.092516
0.307359, -0.093626
0.308431, -0.094635
0.309504, -0.095644
0.310577, -0.096753
0.311649, -0.097661
0.312721, -0.098670
0.313793, -0.099578
0.314867, -0.100688
0.315939, -0.101697
0.317013, -0.102807
0.318085, -0.103714
0.319158, -0.104723
0.320230, -0.105732
0.321303, -0.106842
0.322375, -0.107851
0.323447, -0.108860
0.324519, -0.109869
0.325591, -0.110777
0.326664, -0.111785
0.327736, -0.112693
0.328810, -0.113601
0.329882, -0.114509
0.330953, -0.115518
0.332025, -0.116527
0.333097, -0.117536
0.334170, -0.118646
0.335242, -0.119654
0.336314, -0.120462
0.337386, -0.121470
0.338458, -0.122378
0.339530, -0.123286
0.340602, -0.124194
0.341675, -0.125203
0.342747, -0.125909
0.343819, -0.126616
0.344880, -0.127423
0.345946, -0.128331
0.347008, -0.129138
0.348065, -0.129743
0.349123, -0.130449
0.350181, -0.131256
0.351237, -0.132063
0.352294, -0.132971
0.353351, -0.133678
0.354408, -0.134586
0.355465, -0.135393
0.356521, -0.136099
0.357579, -0.136906
0.358637, -0.137713
0.359694, -0.138419
0.360752, -0.139327
0.361809, -0.140033
0.362866, -0.140841
0.363924, -0.141648
0.364997, -0.142253
0.366069, -0.142959
0.367141, -0.143665
0.368214, -0.144372
0.369294, -0.145078
0.370376, -0.145683
0.371457, -0.146389
0.372539, -0.147096
0.373621, -0.147701
0.374702, -0.148508
0.375784, -0.149214
0.376866, -0.149920
0.377948, -0.150627
0.379030, -0.151333
0.380111, -0.151938
0.381193, -0.152644
0.382275, -0.153350
0.383356, -0.153855
0.384438, -0.154561
0.385520, -0.155166
0.386602, -0.155873
0.387683, -0.156478
0.388765, -0.157184
0.389847, -0.157789
0.390928, -0.158395
0.392009, -0.158899
0.393091, -0.159504
0.394173, -0.160009
0.395254, -0.160715
0.396336, -0.161220
0.397419, -0.161724
0.398501, -0.162228
0.399582, -0.162834
0.400663, -0.163338
0.401745, -0.163843
0.402827, -0.164448
0.403909, -0.165053
0.404992, -0.165558
0.406074, -0.166163
0.407156, -0.166667
0.408237, -0.167273
0.409319, -0.167777
0.410400, -0.168282
0.411482, -0.168786
0.412563, -0.169290
0.413645, -0.169795
0.414727, -0.170299
0.415809, -0.170804
0.416893, -0.171308
0.417976, -0.171813
0.419058, -0.172317
0.420140, -0.172821
0.421222, -0.173326
0.422304, -0.173729
0.423388, -0.174234
0.424470, -0.174637
0.425548, -0.175041
0.426630, -0.175444
0.427713, -0.175848
0.428795, -0.176252
0.429877, -0.176756
0.430959, -0.177160
0.432041, -0.177462
0.433123, -0.177866
0.434205, -0.178168
0.435286, -0.178572
0.436368, -0.178976
0.437451, -0.179278
0.438533, -0.179581
0.439616, -0.179984
0.440698, -0.180388
0.441780, -0.180691
0.442862, -0.181094
0.443944, -0.181397
0.445027, -0.181800
0.446108, -0.182103
0.447190, -0.182507
0.448272, -0.182809
0.449355, -0.183112
0.450438, -0.183414
0.451544, -0.183717
0.452624, -0.184020
0.453707, -0.184322
0.454789, -0.184524
0.455872, -0.184827
0.456955, -0.185130
0.458038, -0.185331
0.459119, -0.185634
0.460201, -0.185836
0.461284, -0.186038
0.462366, -0.186340
0.463448, -0.186542
0.464530, -0.186845
0.465613, -0.187046
0.466695, -0.187248
0.467778, -0.187551
0.468861, -0.187652
0.469939, -0.187853
0.471021, -0.188055
0.472102, -0.188257
0.473176, -0.188459
0.474257, -0.188661
0.475338, -0.188761
0.476418, -0.188963
0.477500, -0.189165
0.478581, -0.189266
0.479663, -0.189367
0.480722, -0.189569
0.481804, -0.189669
0.482884, -0.189770
0.483965, -0.189871
0.485041, -0.189972
0.486122, -0.190073
0.487204, -0.190174
0.488285, -0.190275
0.489366, -0.190376
0.490449, -0.190376
0.491531, -0.190477
0.492613, -0.190577
0.493696, -0.190577
0.494778, -0.190678
0.495861, -0.190678
0.496943, -0.190678
0.498026, -0.190779
0.499108, -0.190779
0.500190, -0.190779
0.501273, -0.190779
0.502355, -0.190779
0.503437, -0.190779
0.504519, -0.190779
0.505602, -0.190779
0.506685, -0.190779
0.507767, -0.190779
0.508850, -0.190779
0.509932, -0.190779
0.511015, -0.190779
0.512097, -0.190678
0.513180, -0.190678
0.514262, -0.190678
0.515344, -0.190577
0.516426, -0.190577
0.517510, -0.190577
0.518593, -0.190477
0.519676, -0.190477
0.520759, -0.190477
0.521842, -0.190376
0.522925, -0.190376
0.524006, -0.190376
0.525089, -0.190275
0.526171, -0.190275
0.527253, -0.190275
0.528335, -0.190275
0.529418, -0.190174
0.530500, -0.190174
0.531583, -0.190174
0.532666, -0.190174
0.533748, -0.190073
0.534830, -0.190073
0.535912, -0.190073
0.536995, -0.190073
0.538077, -0.189972
0.539159, -0.189972
0.540241, -0.189972
0.541324, -0.189972
0.542406, -0.189972
0.543489, -0.189972
0.544571, -0.189972
0.545654, -0.189871
0.546736, -0.189871
0.547818, -0.189871
0.548901, -0.189871
0.549983, -0.189871
0.551065, -0.189871
0.552138, -0.189871
0.553212, -0.189871
0.554292, -0.189871
0.555374, -0.189871
0.556455, -0.189871
0.557531, -0.189871
0.558613, -0.189871
0.559694, -0.189871
0.560753, -0.189871
0.561834, -0.189871
0.562915, -0.189871
0.563997, -0.189972
0.565073, -0.189972
0.566155, -0.189972
0.567236, -0.189972
0.568317, -0.189972
0.569398, -0.189972
0.570479, -0.189972
0.571560, -0.189972
0.572648, -0.189972
0.573731, -0.189972
0.574813, -0.189972
0.575893, -0.189972
0.576969, -0.189972
0.578051, -0.189972
0.579133, -0.189972
0.580216, -0.189972
0.581299, -0.189972
0.582381, -0.189972
0.583463, -0.189972
0.584546, -0.189972
0.585620, -0.189972
0.586701, -0.189972
0.587784, -0.189972
0.588868, -0.189972
0.589950, -0.189972
0.591033, -0.189972
0.592115, -0.189972
0.593198, -0.189972
0.594280, -0.189972
0.595363, -0.189972
0.596445, -0.189972
0.597529, -0.189972
0.598611, -0.189972
0.599693, -0.189972
0.600776, -0.189972
0.601858, -0.189972
0.602940, -0.189972
0.604022, -0.189972
0.605105, -0.189972
0.606188, -0.189972
0.607270, -0.189972
0.608352, -0.189972
0.609434, -0.189972
0.610517, -0.189972
0.611599, -0.189972
0.612682, -0.189972
0.613766, -0.189972
0.614848, -0.189972
0.615931, -0.189972
0.617014, -0.189972
0.618096, -0.189972
0.619178, -0.189972
0.620260, -0.189972
0.621344, -0.189972
0.622426, -0.189972
0.623508, -0.189972
0.624570, -0.189972
0.625653, -0.189972
0.626735, -0.189972
0.627817, -0.189972
0.628900, -0.189972
0.629977, -0.189972
0.631060, -0.189972
0.632140, -0.189972
0.633222, -0.189972
0.634302, -0.189972
0.635384, -0.189972
0.636464, -0.189972
0.637546, -0.189972
0.638628, -0.189972
0.639709, -0.189972
0.640767, -0.189972
0.641850, -0.189972
0.642931, -0.189972
0.644012, -0.189972
0.645088, -0.189972
0.646169, -0.189972
0.647250, -0.189972
0.648332, -0.189972
0.649413, -0.189972
0.650494, -0.189972
0.651576, -0.189972
0.652662, -0.189972
0.653739, -0.189972
0.654820, -0.189972
0.655903, -0.189972
0.656962, -0.189972
0.658039, -0.189972
0.659120, -0.189972
0.660203, -0.189972
0.661284, -0.189972
0.662366, -0.189972
0.663446, -0.189972
0.664528, -0.189972
0.665610, -0.189972
0.666671, -0.189972
0.667753, -0.189972
0.668829, -0.189972
0.669910, -0.189972
0.670986, -0.189972
0.672068, -0.189972
0.673210, -0.189972
0.674290, -0.189972
0.675372, -0.189972
0.676453, -0.189972
0.677536, -0.189972
0.678617, -0.189972
0.679700, -0.189972
0.680758, -0.189972
0.681840, -0.189972
0.682921, -0.189972
0.684003, -0.189972
0.685079, -0.189972
0.686160, -0.189972
0.687241, -0.189972
0.688323, -0.189972
0.689405, -0.189972
0.690487, -0.189972
0.691569, -0.189972
0.692652, -0.189972
0.693735, -0.189972
0.694817, -0.189972
0.695899, -0.189972
0.696985, -0.189972
0.698067, -0.189972
0.699150, -0.189972
0.700232, -0.189972
0.701310, -0.189972
0.702392, -0.189972
0.703474, -0.189972
0.704556, -0.189972
0.705638, -0.189972
0.706720, -0.189972
0.707803, -0.189972
0.708878, -0.189972
0.709959, -0.189972
0.711042, -0.189972
0.712124, -0.189972
0.713203, -0.189972
0.714285, -0.189972
0.715368, -0.189972
0.716450, -0.189972
0.717533, -0.189972
0.718615, -0.189972
0.719697, -0.189972
0.720779, -0.189972
0.721861, -0.189972
0.722943, -0.189972
0.724027, -0.189972
0.725103, -0.189972
0.726186, -0.189972
0.727268, -0.189972
0.728344, -0.189972
0.729427, -0.189972
0.730508, -0.189972
0.731591, -0.189972
0.732668, -0.189972
0.733752, -0.189972
0.734835, -0.189972
0.735916, -0.189972
0.736998, -0.189972
0.738081, -0.189972
0.739162, -0.189972
0.740245, -0.189972
0.741328, -0.189972
0.742410, -0.189972
0.743492, -0.189972
0.744574, -0.189972
0.745657, -0.189972
0.746739, -0.189972
0.747820, -0.189972
0.748903, -0.189972
0.749985, -0.189972
0.751068, -0.189972
0.752151, -0.189972
0.753234, -0.189972
0.754316, -0.189972
0.755398, -0.189972
0.756480, -0.189972
0.757563, -0.189972
0.758646, -0.189972
0.759729, -0.189972
0.760812, -0.189972
0.761894, -0.189972
0.762976, -0.189972
0.764054, -0.189972
0.765129, -0.189972
0.766210, -0.189972
0.767291, -0.189972
0.768367, -0.189972
0.769443, -0.189972
0.770525, -0.189972
0.771606, -0.189972
0.772664, -0.189972
0.773746, -0.189972
0.774827, -0.189972
0.775909, -0.189972
0.776985, -0.189972
0.778066, -0.189972
0.779147, -0.189972
0.780228, -0.189972
0.781309, -0.189972
0.782390, -0.189972
0.783472, -0.189972
0.784553, -0.189972
0.785634, -0.189972
0.786715, -0.189972
0.787796, -0.189972
0.788872, -0.189972
0.789954, -0.189972
0.791035, -0.189972
0.792117, -0.189972
0.793197, -0.189972
0.794279, -0.189972
0.795360, -0.189972
0.796441, -0.189972
0.797523, -0.189972
0.798604, -0.189972
0.799686, -0.189972
0.800746, -0.189972
0.801827, -0.189972
0.802908, -0.189972
0.803989, -0.189972
0.805065, -0.189972
0.806146, -0.189972
0.807227, -0.189972
0.808309, -0.189972
0.809391, -0.189972
0.810473, -0.189972
0.811557, -0.189972
0.812646, -0.189972
0.813730, -0.189972
0.814813, -0.189972
0.815895, -0.189972
0.816978, -0.189972
0.818061, -0.189972
0.819143, -0.189972
0.820226, -0.189972
0.821310, -0.189972
0.822393, -0.189972
0.823475, -0.189972
0.824557, -0.189972
0.825639, -0.189972
0.826722, -0.189972
0.827804, -0.189972
0.828887, -0.189972
0.829970, -0.189972
0.831052, -0.189972
0.832134, -0.189972
0.833217, -0.189972
0.834299, -0.189972
0.835382, -0.189972
0.836465, -0.189972
0.837547, -0.189972
0.838630, -0.189972
0.839713, -0.189972
0.840795, -0.189972
0.841877, -0.189972
0.842960, -0.189972
0.844042, -0.189972
0.845125, -0.189972
0.846208, -0.189972
0.847290, -0.189972
0.848374, -0.189972
0.849457, -0.189972
0.850540, -0.189972
0.851623, -0.189972
0.852705, -0.189972
0.853787, -0.189972
0.854869, -0.189972
0.855952, -0.189972
0.857035, -0.189972
0.858117, -0.189972
0.859199, -0.189972
0.860282, -0.189972
0.861364, -0.189972
0.862447, -0.189972
0.863530, -0.189972
0.864612, -0.189972
0.865695, -0.189972
0.866778, -0.189972
0.867860, -0.189972
0.868943, -0.189972
0.870025, -0.189972
0.871108, -0.189972
0.872191, -0.189972
0.873274, -0.189972
0.874356, -0.189972
0.875434, -0.189972
0.876511, -0.189972
0.877592, -0.189972
0.878674, -0.189972
0.879735, -0.189972
0.880796, -0.189972
0.881857, -0.189972
0.882938, -0.189972
0.884019, -0.189972
0.885094, -0.189972
0.886176, -0.189972
0.887256, -0.189972
0.888336, -0.189972
0.889419, -0.189972
0.890500, -0.189972
0.891581, -0.189972
0.892669, -0.189972
0.893751, -0.189972
0.894854, -0.189972
0.895935, -0.189972
0.897009, -0.189972
0.898090, -0.189972
0.899171, -0.189972
0.900251, -0.189972
0.901312, -0.189972
0.902393, -0.189972
0.903475, -0.189972
0.904556, -0.189972
0.905617, -0.189972
0.906697, -0.189972
0.907778, -0.189972
0.908853, -0.189972
0.909934, -0.189972
0.911015, -0.189972
0.912095, -0.189972
0.913170, -0.189972
0.914251, -0.189972
0.915331, -0.189972
0.916412, -0.189972
0.917494, -0.189972
0.918574, -0.189972
0.919656, -0.189972
0.920716, -0.189972
0.921797, -0.189972
0.922878, -0.189972
0.923958, -0.189972
0.925034, -0.189972
0.926116, -0.189972
0.927196, -0.189972
0.928277, -0.189972
0.929359, -0.189972
0.930441, -0.189972
0.931522, -0.189972
0.932584, -0.189972
0.933665, -0.189972
0.934745, -0.189972
0.935826, -0.189972
0.936903, -0.189972
0.937984, -0.189972
0.939065, -0.189972
0.940145, -0.189972
0.941226, -0.189972
0.942307, -0.189972
0.943388, -0.189972
0.944468, -0.189972
0.945545, -0.189972
0.946611, -0.189972
0.947672, -0.189972
0.948729, -0.189972
0.949785, -0.189972
0.950840, -0.189972
0.951896, -0.189972
0.952951, -0.189972
0.954007, -0.189972
0.955063, -0.189972
0.956118, -0.189972
0.957177, -0.189972
0.958240, -0.189972
0.959300, -0.189972
0.960357, -0.189972
0.961413, -0.189972
0.962472, -0.189972
0.963529, -0.189972
0.964585, -0.189972
0.965641, -0.189972
0.966698, -0.189972
0.967759, -0.189972
0.968816, -0.189972
0.969872, -0.189972
0.970928, -0.189972
0.971989, -0.189972
0.973046, -0.189972
0.974103, -0.189972
0.975159, -0.189972
0.976215, -0.189972
0.977272, -0.189972
0.978328, -0.189972
0.979384, -0.189972
0.980441, -0.189972
0.981497, -0.189972
0.982553, -0.189972
0.983610, -0.189972
0.984667, -0.189972
0.985729, -0.189972
0.986785, -0.189972
0.987841, -0.189972
0.988897, -0.189972
0.989954, -0.189972
0.991012, -0.189972
0.992068, -0.189972
0.993125, -0.189972
0.994183, -0.189972
0.995240, -0.189972
0.996296, -0.189972
0.997353, -0.189972
0.998410, -0.189972
0.999466, -0.189972
1.000523, -0.189972
1.001580, -0.189972
1.002637, -0.189972
1.003698, -0.189972
1.004755, -0.189972
1.005812, -0.189972
1.006868, -0.189972
1.007925, -0.189972
1.008981, -0.189972
1.010038, -0.189972
1.011095, -0.189972
1.012152, -0.189972
1.013208, -0.189972
1.014265, -0.189972
1.015322, -0.189972
1.016378, -0.189972
1.017435, -0.189972
1.018491, -0.189972
1.019547, -0.189972
1.020603, -0.189972
1.021660, -0.189972
1.022717, -0.189972
1.023773, -0.189972
1.024829, -0.189972
1.025888, -0.189972
1.026950, -0.189972
1.028010, -0.189972
1.029072, -0.189972
1.030129, -0.189972
1.031186, -0.189972
1.032243, -0.189972
1.033301, -0.189972
1.034357, -0.189972
1.035414, -0.189972
1.036470, -0.189972
1.037531, -0.189972
1.038589, -0.189972
1.039646, -0.189972
1.040703, -0.189972
0.000000, 0.480517
0.001071, 0.480416
0.002129, 0.479912
0.003188, 0.479104
0.004246, 0.478297
0.005303, 0.477591
0.006359, 0.476582
0.007415, 0.475069
0.008471, 0.473455
0.009528, 0.471942
0.010586, 0.470126
0.011647, 0.468007
0.012710, 0.465586
0.013774, 0.462862
0.014837, 0.460239
0.015894, 0.457817
0.016951, 0.455497
0.018008, 0.452672
0.019065, 0.449847
0.020122, 0.446619
0.021178, 0.444097
0.022235, 0.440969
0.023292, 0.438246
0.024348, 0.435421
0.025408, 0.432899
0.026468, 0.429368
0.027529, 0.426442
0.028588, 0.423314
0.029603, 0.420691
0.030659, 0.417867
0.031714, 0.415042
0.032773, 0.412217
0.033831, 0.409796
0.034888, 0.406870
0.035944, 0.403944
0.036999, 0.401220
0.038056, 0.398295
0.039113, 0.395571
0.040169, 0.393049
0.041225, 0.390123
0.042281, 0.387298
0.043337, 0.384473
0.044395, 0.381548
0.045456, 0.379126
0.046513, 0.376201
0.047569, 0.373477
0.048624, 0.370854
0.049683, 0.368130
0.050739, 0.365305
0.051796, 0.362581
0.052853, 0.360059
0.053909, 0.357335
0.054964, 0.354712
0.056021, 0.352190
0.057077, 0.349466
0.058139, 0.347145
0.059195, 0.344522
0.060251, 0.341798
0.061307, 0.339175
0.062363, 0.336552
0.063420, 0.333728
0.064477, 0.331105
0.065534, 0.328784
0.066590, 0.326060
0.067646, 0.323437
0.068705, 0.321218
0.069762, 0.318494
0.070818, 0.315770
0.071874, 0.313046
0.072932, 0.310423
0.073988, 0.307901
0.075044, 0.305782
0.076100, 0.303260
0.077157, 0.300637
0.078212, 0.298115
0.079269, 0.295492
0.080326, 0.292970
0.081382, 0.290750
0.082443, 0.288228
0.083499, 0.285403
0.084555, 0.282780
0.085612, 0.280258
0.086669, 0.277736
0.087726, 0.275920
0.088783, 0.273599
0.089839, 0.271178
0.090895, 0.268555
0.091954, 0.266134
0.093011, 0.263511
0.094067, 0.261291
0.095123, 0.258870
0.096179, 0.256651
0.097234, 0.254128
0.098291, 0.251606
0.099349, 0.249488
0.100406, 0.246966
0.101462, 0.244544
0.102518, 0.242224
0.103575, 0.240004
0.104631, 0.237785
0.105691, 0.235364
0.106747, 0.232942
0.107802, 0.230420
0.108859, 0.228100
0.109916, 0.225779
0.110972, 0.223762
0.112028, 0.221340
0.113084, 0.218919
0.114140, 0.216498
0.115196, 0.214077
0.116254, 0.211857
0.117310, 0.209839
0.118366, 0.207721
0.119423, 0.205300
0.120479, 0.202979
0.121536, 0.200659
0.122596, 0.198540
0.123653, 0.196220
0.124709, 0.194000
0.125764, 0.191882
0.126820, 0.189561
0.127881, 0.187241
0.128937, 0.185223
0.129993, 0.182802
0.131053, 0.180482
0.132110, 0.178363
0.133166, 0.176547
0.134222, 0.174227
0.135280, 0.171906
0.136340, 0.169687
0.137404, 0.167467
0.138462, 0.165450
0.139519, 0.163432
0.140576, 0.161313
0.141633, 0.159195
0.142690, 0.156975
0.143747, 0.154756
0.144803, 0.152940
0.145832, 0.150720
0.146891, 0.148501
0.147951, 0.146483
0.149007, 0.144667
0.150063, 0.142649
0.151119, 0.140430
0.152175, 0.138311
0.153230, 0.136193
0.154286, 0.133973
0.155342, 0.132056
0.156397, 0.130039
0.157453, 0.128021
0.158509, 0.126003
0.159565, 0.123784
0.160623, 0.121665
0.161683, 0.119950
0.162739, 0.117932
0.163795, 0.116015
0.164851, 0.114401
0.165908, 0.112484
0.166965, 0.110568
0.168022, 0.108752
0.169079, 0.106431
0.170135, 0.104414
0.171192, 0.102194
0.172248, 0.100378
0.173305, 0.098562
0.174361, 0.096544
0.175416, 0.094728
0.176473, 0.092711
0.177529, 0.090693
0.178586, 0.089079
0.179642, 0.087162
0.180698, 0.085144
0.181753, 0.083328
0.182810, 0.081512
0.183869, 0.079898
0.184925, 0.078082
0.185982, 0.076165
0.187037, 0.074249
0.188097, 0.072332
0.189153, 0.070415
0.190209, 0.068801
0.191265, 0.066985
0.192321, 0.065169
0.193376, 0.063555
0.194432, 0.061739
0.195489, 0.059822
0.196545, 0.058208
0.197602, 0.056392
0.198657, 0.054677
0.199713, 0.052760
0.200769, 0.051146
0.201829, 0.049733
0.202889, 0.048018
0.203945, 0.046303
0.205001, 0.044386
0.206057, 0.042469
0.207117, 0.041057
0.208173, 0.039342
0.209229, 0.037627
0.210284, 0.035912
0.211344, 0.034499
0.212400, 0.032885
0.213456, 0.031574
0.214513, 0.029960
0.215569, 0.028245
0.216625, 0.026429
0.217681, 0.024814
0.218737, 0.023099
0.219794, 0.021586
0.220850, 0.019871
0.221905, 0.018156
0.222961, 0.016643
0.224017, 0.015129
0.225078, 0.013818
0.226134, 0.012204
0.227190, 0.010791
0.228335, 0.009076
0.229393, 0.007563
0.230450, 0.006251
0.231506, 0.004637
0.232562, 0.003124
0.233620, 0.001611
0.234676, 0.000097
0.235733, -0.001214
0.236794, -0.002627
0.237850, -0.004241
0.238905, -0.005653
0.239961, -0.007066
0.241017, -0.008276
0.242074, -0.009790
0.243129, -0.011303
0.244185, -0.012816
0.245241, -0.014229
0.246297, -0.015439
0.247358, -0.016852
0.248414, -0.018264
0.249470, -0.019777
0.250529, -0.021190
0.251585, -0.022602
0.252642, -0.024014
0.253699, -0.025225
0.254756, -0.026638
0.255811, -0.028050
0.256870, -0.029361
0.257926, -0.030673
0.258982, -0.031884
0.260043, -0.033094
0.261099, -0.034406
0.262154, -0.035818
0.263210, -0.037231
0.264266, -0.038643
0.265326, -0.039753
0.266382, -0.041064
0.267439, -0.042477
0.268494, -0.043788
0.269553, -0.045100
0.270609, -0.046310
0.271665, -0.047420
0.272721, -0.048631
0.273781, -0.049841
0.274837, -0.051153
0.275898, -0.052464
0.276954, -0.053473
0.278010, -0.054684
0.279066, -0.055894
0.280121, -0.057105
0.281178, -0.058316
0.282234, -0.059425
0.283295, -0.060636
0.284351, -0.061847
0.285407, -0.062957
0.286466, -0.064167
0.287524, -0.065277
0.288581, -0.066488
0.289638, -0.067496
0.290694, -0.068707
0.291750, -0.069918
0.292806, -0.071027
0.293862, -0.072238
0.294918, -0.073146
0.295974, -0.074357
0.297029, -0.075466
0.298085, -0.076677
0.299141, -0.077686
0.300197, -0.078695
0.301253, -0.079704
0.302314, -0.080712
0.303370, -0.081721
0.304425, -0.082730
0.305481, -0.083941
0.306543, -0.085051
0.307600, -0.086059
0.308656, -0.087169
0.309717, -0.088178
0.310775, -0.089187
0.311831, -0.090297
0.312888, -0.091305
0.313944, -0.092314
0.315000, -0.093323
0.316056, -0.094332
0.317112, -0.095240
0.318168, -0.096148
0.319225, -0.097056
0.320281, -0.097863
0.321337, -0.098872
0.322393, -0.099780
0.323453, -0.100688
0.324512, -0.101596
0.325568, -0.102605
0.326624, -0.103513
0.327680, -0.104421
0.328740, -0.105329
0.329797, -0.106338
0.330853, -0.107145
0.331909, -0.108053
0.332965, -0.109061
0.334020, -0.109869
0.335076, -0.110777
0.336137, -0.111483
0.337193, -0.112391
0.338249, -0.113198
0.339305, -0.114106
0.340360, -0.115014
0.341417, -0.115821
0.342473, -0.116628
0.343529, -0.117637
0.344584, -0.118646
0.345640, -0.119554
0.346702, -0.120159
0.347758, -0.121067
0.348814, -0.121874
0.349870, -0.122681
0.350928, -0.123488
0.351988, -0.124295
0.353045, -0.125203
0.354101, -0.125809
0.355157, -0.126414
0.356213, -0.127019
0.357268, -0.127725
0.358324, -0.128532
0.359384, -0.129138
0.360441, -0.129743
0.361497, -0.130348
0.362553, -0.130954
0.363608, -0.131660
0.364664, -0.132467
0.365723, -0.133072
0.366779, -0.133779
0.367835, -0.134586
0.368891, -0.135292
0.369948, -0.135897
0.371004, -0.136603
0.372060, -0.137108
0.373117, -0.137814
0.374176, -0.138520
0.375231, -0.139226
0.376286, -0.139832
0.377342, -0.140437
0.378398, -0.141143
0.379454, -0.141749
0.380510, -0.142354
0.381566, -0.142959
0.382622, -0.143363
0.383678, -0.143968
0.384734, -0.144573
0.385789, -0.145179
0.386845, -0.145683
0.387905, -0.146087
0.388961, -0.146692
0.390023, -0.147196
0.391078, -0.147802
0.392134, -0.148306
0.393190, -0.148911
0.394252, -0.149517
0.395308, -0.149920
0.396364, -0.150526
0.397419, -0.151131
0.398475, -0.151635
0.399531, -0.152140
0.400588, -0.152644
0.401644, -0.153048
0.402700, -0.153552
0.403756, -0.154057
0.404812, -0.154561
0.405868, -0.155066
0.406928, -0.155469
0.407984, -0.155973
0.409040, -0.156478
0.410095, -0.156982
0.411155, -0.157386
0.412210, -0.157789
0.413265, -0.158294
0.414321, -0.158697
0.415377, -0.159101
0.416433, -0.159504
0.417490, -0.159807
0.418546, -0.160211
0.419602, -0.160715
0.420657, -0.161119
0.421716, -0.161421
0.422773, -0.161825
0.423829, -0.162128
0.424885, -0.162531
0.425941, -0.162834
0.426998, -0.163237
0.428054, -0.163641
0.429110, -0.163943
0.430167, -0.164347
0.431223, -0.164751
0.432278, -0.165053
0.433334, -0.165457
0.434390, -0.165759
0.435450, -0.166062
0.436506, -0.166466
0.437563, -0.166869
0.438618, -0.167172
0.439676, -0.167474
0.440731, -0.167777
0.441789, -0.168080
0.442845, -0.168382
0.443902, -0.168685
0.444978, -0.168988
0.446035, -0.169290
0.447095, -0.169593
0.448151, -0.169795
0.449207, -0.170098
0.450263, -0.170400
0.451322, -0.170703
0.452378, -0.171006
0.453435, -0.171308
0.454492, -0.171510
0.455548, -0.171813
0.456603, -0.172014
0.457660, -0.172317
0.458716, -0.172519
0.459772, -0.172721
0.460833, -0.173023
0.461889, -0.173225
0.462945, -0.173427
0.464000, -0.173629
0.465061, -0.173830
0.466118, -0.174032
0.467175, -0.174234
0.468232, -0.174436
0.469287, -0.174537
0.470344, -0.174738
0.471400, -0.174940
0.472456, -0.175041
0.473512, -0.175142
0.474568, -0.175344
0.475624, -0.175444
0.476680, -0.175545
0.477736, -0.175747
0.478793, -0.175848
0.479849, -0.175949
0.480904, -0.176050
0.481961, -0.176151
0.483017, -0.176252
0.484073, -0.176352
0.485128, -0.176453
0.486184, -0.176554
0.487240, -0.176655
0.488300, -0.176655
0.489357, -0.176756
0.490413, -0.176857
0.491468, -0.176857
0.492528, -0.176958
0.493583, -0.176958
0.494645, -0.177059
0.495700, -0.177059
0.496756, -0.177059
0.497812, -0.177160
0.498868, -0.177160
0.499924, -0.177160
0.500980, -0.177160
0.502041, -0.177160
0.503097, -0.177260
0.504152, -0.177260
0.505208, -0.177260
0.506268, -0.177260
0.507330, -0.177260
0.508387, -0.177260
0.509443, -0.177160
0.510499, -0.177160
0.511555, -0.177160
0.512611, -0.177160
0.513668, -0.177160
0.514729, -0.177160
0.515785, -0.177059
0.516842, -0.177059
0.517899, -0.177059
0.518955, -0.177059
0.520011, -0.177059
0.521067, -0.176958
0.522122, -0.176958
0.523178, -0.176958
0.524238, -0.176958
0.525294, -0.176857
0.526350, -0.176857
0.527405, -0.176857
0.528464, -0.176857
0.529521, -0.176756
0.530577, -0.176756
0.531634, -0.176756
0.532690, -0.176756
0.533746, -0.176756
0.534802, -0.176655
0.535859, -0.176655
0.536915, -0.176655
0.537971, -0.176655
0.539027, -0.176655
0.540082, -0.176655
0.541139, -0.176655
0.542195, -0.176554
0.543256, -0.176554
0.544313, -0.176554
0.545368, -0.176554
0.546424, -0.176554
0.547484, -0.176554
0.548541, -0.176554
0.549598, -0.176554
0.550653, -0.176554
0.551712, -0.176554
0.552769, -0.176554
0.553825, -0.176554
0.554882, -0.176554
0.555938, -0.176554
0.556993, -0.176554
0.558049, -0.176554
0.559106, -0.176554
0.560162, -0.176554
0.561218, -0.176554
0.562273, -0.176554
0.563329, -0.176554
0.564385, -0.176554
0.565445, -0.176554
0.566505, -0.176554
0.567562, -0.176554
0.568617, -0.176554
0.569673, -0.176655
0.570733, -0.176655
0.571790, -0.176655
0.572846, -0.176655
0.573903, -0.176655
0.574959, -0.176655
0.576014, -0.176655
0.577070, -0.176655
0.578130, -0.176655
0.579190, -0.176655
0.580247, -0.176655
0.581302, -0.176655
0.582357, -0.176655
0.583413, -0.176655
0.584476, -0.176655
0.585532, -0.176655
0.586588, -0.176655
0.587643, -0.176655
0.588700, -0.176655
0.589757, -0.176655
0.590813, -0.176655
0.591868, -0.176655
0.592924, -0.176655
0.593985, -0.176655
0.595043, -0.176655
0.596099, -0.176655
0.597155, -0.176655
0.598210, -0.176655
0.599266, -0.176655
0.600322, -0.176655
0.601381, -0.176655
0.602438, -0.176655
0.603499, -0.176655
0.604554, -0.176655
0.605610, -0.176655
0.606670, -0.176655
0.607727, -0.176655
0.608783, -0.176655
0.609839, -0.176655
0.610894, -0.176655
0.611950, -0.176655
0.613006, -0.176655
0.614062, -0.176655
0.615118, -0.176655
0.616174, -0.176655
0.617229, -0.176655
0.618285, -0.176655
0.619342, -0.176655
0.620398, -0.176655
0.621453, -0.176655
0.622510, -0.176655
0.623565, -0.176655
0.624621, -0.176655
0.625677, -0.176655
0.626733, -0.176655
0.627788, -0.176655
0.628844, -0.176655
0.629900, -0.176655
0.630956, -0.176655
0.632012, -0.176655
0.633067, -0.176655
0.634123, -0.176655
0.635179, -0.176655
0.636236, -0.176655
0.637292, -0.176655
0.638348, -0.176655
0.639404, -0.176655
0.640463, -0.176655
0.641519, -0.176655
0.642575, -0.176655
0.643631, -0.176655
0.644687, -0.176655
0.645743, -0.176655
0.646799, -0.176655
0.647855, -0.176655
0.648911, -0.176655
0.649968, -0.176655
0.651023, -0.176655
0.652079, -0.176655
0.653135, -0.176655
0.654191, -0.176655
0.655247, -0.176655
0.656303, -0.176655
0.657359, -0.176655
0.658416, -0.176655
0.659472, -0.176655
0.660528, -0.176655
0.661599, -0.176655
0.662655, -0.176655
0.663713, -0.176655
0.664769, -0.176655
0.665826, -0.176655
0.666883, -0.176655
0.667939, -0.176655
0.668994, -0.176655
0.670051, -0.176655
0.671106, -0.176655
0.672162, -0.176655
0.673218, -0.176655
0.674274, -0.176655
0.675329, -0.176655
0.676385, -0.176655
0.677444, -0.176655
0.678500, -0.176655
0.679557, -0.176655
0.680612, -0.176655
0.681671, -0.176655
0.682726, -0.176655
0.683788, -0.176655
0.684843, -0.176655
0.685900, -0.176655
0.686955, -0.176655
0.688012, -0.176655
0.689070, -0.176655
0.690127, -0.176655
0.691182, -0.176655
0.692238, -0.176655
0.693295, -0.176655
0.694352, -0.176655
0.695408, -0.176655
0.696464, -0.176655
0.697519, -0.176655
0.698574, -0.176655
0.699631, -0.176655
0.700690, -0.176655
0.701747, -0.176655
0.702803, -0.176655
0.703858, -0.176655
0.704917, -0.176655
0.705973, -0.176655
0.707030, -0.176655
0.708086, -0.176655
0.709142, -0.176655
0.710197, -0.176655
0.711254, -0.176655
0.712310, -0.176655
0.713366, -0.176655
0.714422, -0.176655
0.715478, -0.176655
0.716533, -0.176655
0.717589, -0.176655
0.718651, -0.176655
0.719710, -0.176655
0.720766, -0.176655
0.721823, -0.176655
0.722879, -0.176655
0.723935, -0.176655
0.724991, -0.176655
0.726047, -0.176655
0.727102, -0.176655
0.728158, -0.176655
0.729214, -0.176655
0.730274, -0.176655
0.731330, -0.176655
0.732387, -0.176655
0.733442, -0.176655
0.734501, -0.176655
0.735558, -0.176655
0.736617, -0.176655
0.737688, -0.176655
0.738755, -0.176655
0.739815, -0.176655
0.740870, -0.176655
0.741926, -0.176655
0.742983, -0.176655
0.744039, -0.176655
0.745095, -0.176655
0.746152, -0.176655
0.747212, -0.176655
0.748268, -0.176655
0.749324, -0.176655
0.750380, -0.176655
0.751441, -0.176655
0.752496, -0.176655
0.753554, -0.176655
0.754611, -0.176655
0.755667, -0.176655
0.756723, -0.176655
0.757780, -0.176655
0.758837, -0.176655
0.759893, -0.176655
0.760949, -0.176655
0.762005, -0.176655
0.763062, -0.176655
0.764119, -0.176655
0.765175, -0.176655
0.766231, -0.176655
0.767286, -0.176655
0.768342, -0.176655
0.769398, -0.176655
0.770459, -0.176655
0.771515, -0.176655
0.772571, -0.176655
0.773627, -0.176655
0.774683, -0.176655
0.775739, -0.176655
0.776798, -0.176655
0.777854, -0.176655
0.778910, -0.176655
0.779966, -0.176655
0.781025, -0.176655
0.782081, -0.176655
0.783137, -0.176655
0.784193, -0.176655
0.785250, -0.176655
0.786305, -0.176655
0.787361, -0.176655
0.788420, -0.176655
0.789480, -0.176655
0.790537, -0.176655
0.791593, -0.176655
0.792649, -0.176655
0.793709, -0.176655
0.794766, -0.176655
0.795823, -0.176655
0.796878, -0.176655
0.797935, -0.176655
0.799000, -0.176655
0.800058, -0.176655
0.801115, -0.176655
0.802171, -0.176655
0.803227, -0.176655
0.804281, -0.176655
0.805337, -0.176655
0.806398, -0.176655
0.807454, -0.176655
0.808509, -0.176655
0.809563, -0.176655
0.810623, -0.176655
0.811679, -0.176655
0.812736, -0.176655
0.813792, -0.176655
0.814849, -0.176655
0.815904, -0.176655
0.816964, -0.176655
0.818019, -0.176655
0.819076, -0.176655
0.820132, -0.176655
0.821187, -0.176655
0.822242, -0.176655
0.823298, -0.176655
0.824357, -0.176655
0.825413, -0.176655
0.826468, -0.176655
0.827524, -0.176655
0.828579, -0.176655
0.829636, -0.176655
0.830692, -0.176655
0.831747, -0.176655
0.832802, -0.176655
0.833857, -0.176655
0.834918, -0.176655
0.835974, -0.176655
0.837029, -0.176655
0.838084, -0.176655
0.839139, -0.176655
0.840199, -0.176655
0.841255, -0.176655
0.842311, -0.176655
0.843367, -0.176655
0.844423, -0.176655
0.845481, -0.176655
0.846536, -0.176655
0.847593, -0.176655
0.848649, -0.176655
0.849706, -0.176655
0.850761, -0.176655
0.851817, -0.176655
0.852874, -0.176655
0.853930, -0.176655
0.854987, -0.176655
0.856042, -0.176655
0.857096, -0.176655
0.858152, -0.176655
0.859210, -0.176655
0.860266, -0.176655
0.861321, -0.176655
0.862377, -0.176655
0.863434, -0.176655
0.864490, -0.176655
0.865547, -0.176655
0.866602, -0.176655
0.867657, -0.176655
0.868713, -0.176655
0.869775, -0.176655
0.870830, -0.176655
0.871887, -0.176655
0.872942, -0.176655
0.873999, -0.176655
0.875053, -0.176655
0.876109, -0.176655
0.877164, -0.176655
0.878265, -0.176655
0.879327, -0.176655
0.880384, -0.176655
0.881440, -0.176655
0.882500, -0.176655
0.883556, -0.176655
0.884612, -0.176655
0.885669, -0.176655
0.886725, -0.176655
0.887780, -0.176655
0.888835, -0.176655
0.889890, -0.176655
0.890947, -0.176655
0.892003, -0.176655
0.893059, -0.176655
0.894113, -0.176655
0.895169, -0.176655
0.896225, -0.176655
0.897282, -0.176655
0.898337, -0.176655
0.899396, -0.176655
0.900452, -0.176655
0.901509, -0.176655
0.902565, -0.176655
0.903621, -0.176655
0.904675, -0.176655
0.905731, -0.176655
0.906787, -0.176655
0.907848, -0.176655
0.908904, -0.176655
0.909959, -0.176655
0.911014, -0.176655
0.912070, -0.176655
0.913127, -0.176655
0.914183, -0.176655
0.915239, -0.176655
0.916293, -0.176655
0.917353, -0.176655
0.918409, -0.176655
0.919465, -0.176655
0.920522, -0.176655
0.921577, -0.176655
0.922632, -0.176655
0.923688, -0.176655
0.924744, -0.176655
0.925801, -0.176655
0.926856, -0.176655
0.927911, -0.176655
0.928966, -0.176655
0.930023, -0.176655
0.931079, -0.176655
0.932134, -0.176655
0.933190, -0.176655
0.934246, -0.176655
0.935302, -0.176655
0.936357, -0.176655
0.937413, -0.176655
0.938468, -0.176655
0.939523, -0.176655
0.940579, -0.176655
0.941635, -0.176655
0.942692, -0.176655
0.943748, -0.176655
0.944803, -0.176655
0.945858, -0.176655
0.946919, -0.176655
0.947975, -0.176655
0.949031, -0.176655
0.950087, -0.176655
0.951145, -0.176655
0.952200, -0.176655
0.953261, -0.176655
0.954318, -0.176655
0.955374, -0.176655
0.956430, -0.176655
0.957484, -0.176655
0.958540, -0.176655
0.959596, -0.176655
0.960653, -0.176655
0.961710, -0.176655
0.962765, -0.176655
0.963825, -0.176655
0.964882, -0.176655
0.965938, -0.176655
0.966994, -0.176655
0.968048, -0.176655
0.969104, -0.176655
0.970164, -0.176655
0.971220, -0.176655
0.972275, -0.176655
0.973330, -0.176655
0.974384, -0.176655
0.975441, -0.176655
0.976501, -0.176655
0.977556, -0.176655
0.978612, -0.176655
0.979668, -0.176655
0.980727, -0.176655
0.981784, -0.176655
0.982840, -0.176655
0.983896, -0.176655
0.984952, -0.176655
0.986008, -0.176655
0.987064, -0.176655
0.988121, -0.176655
0.989177, -0.176655
0.990237, -0.176655
0.991293, -0.176655
0.992348, -0.176655
0.993404, -0.176655
0.994461, -0.176655
0.995517, -0.176655
0.996573, -0.176655
0.997629, -0.176655
0.998685, -0.176655
0.999741, -0.176655
1.000802, -0.176655
1.001857, -0.176655
1.002913, -0.176655
1.003969, -0.176655
1.005030, -0.176655
1.006087, -0.176655
1.007144, -0.176655
1.008199, -0.176655
1.009254, -0.176655
1.010311, -0.176655
1.011371, -0.176655
1.012427, -0.176655
1.013483, -0.176655
1.014539, -0.176655
1.015594, -0.176655
1.016650, -0.176655
1.017709, -0.176655
1.018765, -0.176655
1.019821, -0.176655
1.020877, -0.176655
1.021936, -0.176655
1.022992, -0.176655
1.024049, -0.176655
1.025106, -0.176655
1.026166, -0.176655
1.027230, -0.176655
1.028293, -0.176655
1.029353, -0.176655
