0.000000, 0.476986
0.001076, 0.476885
0.002134, 0.476481
0.003191, 0.475775
0.004252, 0.475069
0.005317, 0.474060
0.006376, 0.472950
0.007434, 0.471538
0.008491, 0.470126
0.009548, 0.468612
0.010605, 0.466494
0.011665, 0.464072
0.012726, 0.461449
0.013785, 0.459129
0.014842, 0.456506
0.015901, 0.454186
0.016964, 0.451865
0.018024, 0.449847
0.019079, 0.447325
0.020135, 0.444702
0.021192, 0.442483
0.022248, 0.439961
0.023306, 0.437438
0.024363, 0.435118
0.025410, 0.432999
0.026469, 0.430477
0.027530, 0.428056
0.028588, 0.425635
0.029648, 0.423516
0.030705, 0.420893
0.031762, 0.418472
0.032818, 0.416051
0.033874, 0.413629
0.034931, 0.411208
0.035988, 0.408686
0.037045, 0.406466
0.038102, 0.403541
0.039158, 0.400817
0.040213, 0.397891
0.041270, 0.395470
0.042326, 0.392948
0.043381, 0.390426
0.044438, 0.387601
0.045494, 0.384877
0.046552, 0.382254
0.047609, 0.379631
0.048667, 0.377109
0.049722, 0.374788
0.050777, 0.372367
0.051832, 0.369946
0.052888, 0.367827
0.053944, 0.365406
0.054999, 0.363186
0.056054, 0.361169
0.057110, 0.359151
0.058172, 0.357436
0.059232, 0.355418
0.060289, 0.353400
0.061346, 0.351282
0.062403, 0.349062
0.063460, 0.347045
0.064517, 0.345128
0.065573, 0.343514
0.066631, 0.341496
0.067688, 0.339377
0.068745, 0.337259
0.069801, 0.334938
0.070858, 0.332719
0.071915, 0.330903
0.072972, 0.328784
0.074029, 0.326766
0.075086, 0.324547
0.076143, 0.322529
0.077200, 0.320310
0.078258, 0.317989
0.079315, 0.315669
0.080372, 0.313550
0.081432, 0.311432
0.082489, 0.309616
0.083546, 0.307598
0.084603, 0.305479
0.085659, 0.303462
0.086716, 0.301343
0.087773, 0.299325
0.088830, 0.297812
0.089886, 0.295996
0.090943, 0.294382
0.092001, 0.292667
0.093058, 0.290952
0.094115, 0.289338
0.095172, 0.287724
0.096229, 0.286008
0.097285, 0.284293
0.098342, 0.282578
0.099399, 0.280964
0.100456, 0.279350
0.101513, 0.277837
0.102574, 0.276122
0.103631, 0.274407
0.104694, 0.272692
0.105755, 0.270976
0.106816, 0.269463
0.107908, 0.267546
0.108985, 0.266437
0.110443, 0.263814
0.111528, 0.261796
0.112589, 0.260182
0.113646, 0.258366
0.114704, 0.256550
0.115762, 0.254835
0.116819, 0.253019
0.117875, 0.251405
0.118933, 0.250093
0.119990, 0.248580
0.121047, 0.246966
0.122104, 0.245553
0.123162, 0.244040
0.124219, 0.242527
0.125277, 0.241316
0.126342, 0.239904
0.127408, 0.238491
0.128467, 0.237079
0.129524, 0.235767
0.130582, 0.234456
0.131639, 0.233346
0.132696, 0.232236
0.133754, 0.231026
0.134811, 0.229815
0.135868, 0.228503
0.136924, 0.227192
0.138031, 0.225981
0.139091, 0.224670
0.140152, 0.223459
0.141212, 0.222349
0.142270, 0.220937
0.143327, 0.219525
0.144383, 0.218314
0.145441, 0.217204
0.146498, 0.215893
0.147554, 0.214682
0.148611, 0.213471
0.149668, 0.212261
0.150725, 0.210949
0.151781, 0.209739
0.152837, 0.208629
0.153896, 0.207519
0.154952, 0.206308
0.156008, 0.205199
0.157073, 0.204291
0.158130, 0.203181
0.159187, 0.202172
0.160243, 0.201264
0.161299, 0.200356
0.162357, 0.199347
0.163414, 0.198439
0.164469, 0.197531
0.165526, 0.196825
0.166583, 0.195917
0.167641, 0.195009
0.168700, 0.194202
0.169759, 0.193294
0.170819, 0.192386
0.171876, 0.191680
0.172933, 0.190873
0.173988, 0.189965
0.175042, 0.189158
0.176097, 0.188250
0.177154, 0.187544
0.178210, 0.186636
0.179266, 0.185829
0.180322, 0.185122
0.181378, 0.184315
0.182435, 0.183609
0.183492, 0.182802
0.184547, 0.182096
0.185603, 0.181289
0.186657, 0.180583
0.187713, 0.179876
0.188770, 0.179170
0.189825, 0.178565
0.190880, 0.177859
0.191939, 0.177152
0.192995, 0.176547
0.194057, 0.176144
0.195113, 0.175538
0.196168, 0.174933
0.197223, 0.174428
0.198280, 0.173924
0.199341, 0.173420
0.200399, 0.172915
0.201455, 0.172512
0.202513, 0.172007
0.203570, 0.171604
0.204627, 0.171099
0.205684, 0.170696
0.206741, 0.170292
0.207798, 0.169889
0.208855, 0.169485
0.209912, 0.169081
0.210969, 0.168779
0.212026, 0.168375
0.213083, 0.168073
0.214140, 0.167669
0.215197, 0.167266
0.216254, 0.166862
0.217310, 0.166660
0.218367, 0.166358
0.219424, 0.166055
0.220481, 0.165752
0.221539, 0.165450
0.222596, 0.165248
0.223653, 0.165046
0.224709, 0.164844
0.225766, 0.164643
0.226823, 0.164441
0.227880, 0.164239
0.228975, 0.164138
0.230036, 0.164037
0.231094, 0.163936
0.232151, 0.163835
0.233222, 0.163835
0.234280, 0.163735
0.235337, 0.163735
0.236395, 0.163634
0.237453, 0.163634
0.238512, 0.163634
0.239569, 0.163634
0.240625, 0.163634
0.241682, 0.163634
0.242739, 0.163634
0.243797, 0.163634
0.244854, 0.163634
0.245912, 0.163634
0.246969, 0.163735
0.248026, 0.163735
0.249083, 0.163735
0.250141, 0.163835
0.251198, 0.163835
0.252255, 0.163835
0.253313, 0.163936
0.254374, 0.164037
0.255430, 0.164037
0.256486, 0.164138
0.257543, 0.164239
0.258602, 0.164340
0.259667, 0.164441
0.260732, 0.164542
0.261790, 0.164643
0.262851, 0.164844
0.263909, 0.164945
0.264965, 0.165046
0.266021, 0.165248
0.267077, 0.165349
0.268133, 0.165550
0.269196, 0.165651
0.270254, 0.165752
0.271312, 0.165954
0.272372, 0.166156
0.273429, 0.166257
0.274485, 0.166458
0.275542, 0.166559
0.276599, 0.166660
0.277655, 0.166761
0.278711, 0.166963
0.279768, 0.167064
0.280825, 0.167165
0.281881, 0.167366
0.282938, 0.167467
0.283994, 0.167568
0.285050, 0.167669
0.286106, 0.167871
0.287163, 0.167972
0.288219, 0.168073
0.289276, 0.168274
0.290333, 0.168375
0.291393, 0.168476
0.292450, 0.168678
0.293507, 0.168779
0.294564, 0.168880
0.295621, 0.168981
0.296678, 0.169182
0.297735, 0.169283
0.298792, 0.169384
0.299849, 0.169485
0.300906, 0.169687
0.301963, 0.169788
0.303020, 0.169989
0.304077, 0.170090
0.305134, 0.170292
0.306191, 0.170393
0.307248, 0.170494
0.308304, 0.170595
0.309361, 0.170696
0.310418, 0.170797
0.311475, 0.170897
0.312532, 0.170998
0.313589, 0.171099
0.314646, 0.171200
0.315702, 0.171301
0.316759, 0.171402
0.317816, 0.171402
0.318873, 0.171503
0.319930, 0.171604
0.320993, 0.171705
0.322057, 0.171705
0.323116, 0.171805
0.324173, 0.171906
0.325229, 0.171906
0.326286, 0.172007
0.327343, 0.172108
0.328400, 0.172108
0.329457, 0.172209
0.330513, 0.172310
0.331570, 0.172310
0.332627, 0.172411
0.333684, 0.172512
0.334741, 0.172512
0.335798, 0.172613
0.336855, 0.172613
0.337912, 0.172613
0.338968, 0.172713
0.340025, 0.172713
0.341082, 0.172713
0.342139, 0.172713
0.343196, 0.172814
0.344253, 0.172814
0.345309, 0.172814
0.346366, 0.172814
0.347423, 0.172814
0.348480, 0.172814
0.349536, 0.172814
0.350593, 0.172814
0.351654, 0.172713
0.352712, 0.172713
0.353769, 0.172713
0.354826, 0.172713
0.355883, 0.172713
0.356940, 0.172713
0.357997, 0.172713
0.359054, 0.172713
0.360111, 0.172713
0.361167, 0.172713
0.362225, 0.172713
0.363281, 0.172713
0.364338, 0.172713
0.365396, 0.172713
0.366453, 0.172713
0.367510, 0.172713
0.368567, 0.172713
0.369623, 0.172713
0.370680, 0.172713
0.371737, 0.172713
0.372794, 0.172713
0.373851, 0.172713
0.374908, 0.172713
0.375965, 0.172713
0.377022, 0.172713
0.378079, 0.172713
0.379135, 0.172713
0.380192, 0.172613
0.381249, 0.172613
0.382307, 0.172613
0.383365, 0.172613
0.384422, 0.172613
0.385479, 0.172613
0.386536, 0.172613
0.387594, 0.172613
0.388651, 0.172613
0.389711, 0.172613
0.390770, 0.172613
0.391827, 0.172613
0.392882, 0.172613
0.393938, 0.172613
0.394994, 0.172613
0.396050, 0.172613
0.397106, 0.172613
0.398161, 0.172613
0.399217, 0.172613
0.400273, 0.172613
0.401329, 0.172613
0.402385, 0.172613
0.403441, 0.172613
0.404497, 0.172613
0.405554, 0.172613
0.406611, 0.172613
0.407668, 0.172613
0.408724, 0.172613
0.409780, 0.172613
0.410840, 0.172613
0.411900, 0.172613
0.412957, 0.172613
0.414013, 0.172613
0.415069, 0.172613
0.416130, 0.172613
0.417186, 0.172613
0.418244, 0.172613
0.419300, 0.172613
0.420356, 0.172613
0.421412, 0.172613
0.422468, 0.172613
0.423523, 0.172613
0.424580, 0.172613
0.425640, 0.172613
0.426696, 0.172613
0.427752, 0.172613
0.428807, 0.172613
0.429865, 0.172613
0.430919, 0.172613
0.431975, 0.172613
0.433031, 0.172613
0.434088, 0.172613
0.435143, 0.172613
0.436198, 0.172613
0.437254, 0.172613
0.438311, 0.172613
0.439367, 0.172613
0.440424, 0.172613
0.441481, 0.172613
0.442539, 0.172613
0.443600, 0.172613
0.444660, 0.172613
0.445715, 0.172613
0.446770, 0.172613
0.447825, 0.172613
0.448881, 0.172613
0.449937, 0.172613
0.450993, 0.172613
0.452050, 0.172613
0.453105, 0.172613
0.454162, 0.172613
0.455218, 0.172613
0.456279, 0.172613
0.457417, 0.172613
0.458475, 0.172613
0.459532, 0.172613
0.460588, 0.172613
0.461644, 0.172613
0.462702, 0.172613
0.463758, 0.172613
0.464815, 0.172613
0.465873, 0.172613
0.466929, 0.172613
0.467984, 0.172613
0.469040, 0.172613
0.470096, 0.172613
0.471152, 0.172613
0.472216, 0.172613
0.473275, 0.172613
0.474331, 0.172613
0.475393, 0.172613
0.476451, 0.172613
0.477507, 0.172613
0.478563, 0.172613
0.479618, 0.172613
0.480674, 0.172613
0.481730, 0.172613
0.482785, 0.172613
0.483841, 0.172613
0.484898, 0.172613
0.485953, 0.172613
0.487009, 0.172613
0.488065, 0.172613
0.489120, 0.172613
0.490176, 0.172613
0.491232, 0.172613
0.492287, 0.172613
0.493343, 0.172613
0.494398, 0.172613
0.495459, 0.172613
0.496517, 0.172613
0.497573, 0.172613
0.498630, 0.172613
0.499686, 0.172613
0.500743, 0.172613
0.501799, 0.172613
0.502860, 0.172613
0.503919, 0.172613
0.504978, 0.172613
0.506035, 0.172613
0.507095, 0.172613
0.508152, 0.172613
0.509207, 0.172613
0.510263, 0.172613
0.511318, 0.172613
0.512379, 0.172613
0.513435, 0.172613
0.514491, 0.172613
0.515547, 0.172613
0.516602, 0.172613
0.517658, 0.172613
0.518713, 0.172613
0.519769, 0.172613
0.520825, 0.172613
0.521884, 0.172613
0.522943, 0.172613
0.524000, 0.172613
0.525056, 0.172613
0.526113, 0.172613
0.527169, 0.172613
0.528226, 0.172613
0.529282, 0.172613
0.530338, 0.172613
0.531399, 0.172613
0.532455, 0.172613
0.533512, 0.172613
0.534575, 0.172613
0.535629, 0.172613
0.536684, 0.172613
0.537739, 0.172613
0.538795, 0.172613
0.539850, 0.172613
0.540909, 0.172613
0.541964, 0.172613
0.543020, 0.172613
0.544075, 0.172613
0.545130, 0.172613
0.546185, 0.172613
0.547240, 0.172613
0.548295, 0.172613
0.549351, 0.172613
0.550406, 0.172613
0.551460, 0.172613
0.552515, 0.172613
0.553569, 0.172613
0.554625, 0.172613
0.555680, 0.172613
0.556739, 0.172613
0.557793, 0.172613
0.558848, 0.172613
0.559903, 0.172613
0.560958, 0.172613
0.562014, 0.172613
0.563068, 0.172613
0.564125, 0.172613
0.565183, 0.172613
0.566239, 0.172613
0.567295, 0.172613
0.568350, 0.172613
0.569406, 0.172613
0.570463, 0.172613
0.571524, 0.172613
0.572580, 0.172613
0.573634, 0.172613
0.574690, 0.172613
0.575751, 0.172613
0.576808, 0.172613
0.577866, 0.172613
0.578923, 0.172613
0.579979, 0.172613
0.581033, 0.172613
0.582089, 0.172613
0.583146, 0.172613
0.584203, 0.172613
0.585258, 0.172613
0.586313, 0.172613
0.587369, 0.172613
0.588430, 0.172613
0.589490, 0.172613
0.590547, 0.172613
0.591602, 0.172613
0.592658, 0.172613
0.593715, 0.172613
0.594776, 0.172613
0.595833, 0.172613
0.596888, 0.172613
0.597900, 0.172613
0.598957, 0.172613
0.600012, 0.172613
0.601066, 0.172613
0.602121, 0.172613
0.603178, 0.172613
0.604233, 0.172613
0.605289, 0.172613
0.606345, 0.172613
0.607400, 0.172613
0.608456, 0.172613
0.609514, 0.172613
0.610570, 0.172613
0.611627, 0.172613
0.612682, 0.172613
0.613739, 0.172613
0.614795, 0.172613
0.615852, 0.172613
0.616909, 0.172613
0.617965, 0.172613
0.619021, 0.172613
0.620079, 0.172613
0.621135, 0.172613
0.622191, 0.172613
0.623253, 0.172613
0.624311, 0.172613
0.625369, 0.172613
0.626432, 0.172613
0.627492, 0.172613
0.628548, 0.172613
0.629605, 0.172613
0.630662, 0.172613
0.631718, 0.172613
0.632774, 0.172613
0.633831, 0.172613
0.634888, 0.172613
0.635944, 0.172613
0.636999, 0.172613
0.638055, 0.172613
0.639116, 0.172613
0.640172, 0.172613
0.641229, 0.172613
0.642284, 0.172613
0.643338, 0.172613
0.644395, 0.172613
0.645451, 0.172613
0.646508, 0.172613
0.647564, 0.172613
0.648619, 0.172613
0.649676, 0.172613
0.650732, 0.172613
0.651790, 0.172613
0.652847, 0.172613
0.653902, 0.172613
0.654959, 0.172613
0.656017, 0.172613
0.657075, 0.172613
0.658132, 0.172613
0.659193, 0.172613
0.660250, 0.172613
0.661306, 0.172613
0.662368, 0.172613
0.663424, 0.172613
0.664479, 0.172613
0.665540, 0.172613
0.666596, 0.172613
0.667652, 0.172613
0.668709, 0.172613
0.669764, 0.172613
0.670823, 0.172613
0.671878, 0.172613
0.672935, 0.172613
0.673992, 0.172613
0.675048, 0.172613
0.676104, 0.172613
0.677160, 0.172613
0.678217, 0.172613
0.679273, 0.172613
0.680330, 0.172613
0.681385, 0.172613
0.682440, 0.172613
0.683497, 0.172613
0.684585, 0.172613
0.685644, 0.172613
0.686702, 0.172613
0.687760, 0.172613
0.688815, 0.172613
0.689869, 0.172613
0.690924, 0.172613
0.691979, 0.172613
0.693035, 0.172613
0.694093, 0.172613
0.695147, 0.172613
0.696203, 0.172613
0.697258, 0.172613
0.698312, 0.172613
0.699367, 0.172613
0.700427, 0.172613
0.701483, 0.172613
0.702538, 0.172613
0.703592, 0.172613
0.704648, 0.172613
0.705708, 0.172613
0.706765, 0.172613
0.707822, 0.172613
0.708878, 0.172613
0.709933, 0.172613
0.710987, 0.172613
0.712043, 0.172613
0.713100, 0.172613
0.714157, 0.172613
0.715213, 0.172613
0.716271, 0.172613
0.717329, 0.172613
0.718391, 0.172613
0.719450, 0.172613
0.720506, 0.172613
0.721563, 0.172613
0.722620, 0.172613
0.723677, 0.172613
0.724733, 0.172613
0.725789, 0.172613
0.726846, 0.172613
0.727902, 0.172613
0.728958, 0.172613
0.730013, 0.172613
0.731072, 0.172613
0.732129, 0.172613
0.733185, 0.172613
0.734242, 0.172613
0.735298, 0.172613
0.736354, 0.172613
0.737411, 0.172613
0.738468, 0.172613
0.739524, 0.172613
0.740580, 0.172613
0.741637, 0.172613
0.742695, 0.172613
0.743752, 0.172613
0.744809, 0.172613
0.745866, 0.172613
0.746926, 0.172613
0.747985, 0.172613
0.749058, 0.172613
0.750116, 0.172613
0.751188, 0.172613
0.752247, 0.172613
0.753304, 0.172613
0.754362, 0.172613
0.755419, 0.172613
0.756476, 0.172613
0.757533, 0.172613
0.758590, 0.172613
0.759647, 0.172613
0.760704, 0.172613
0.761762, 0.172613
0.762817, 0.172613
0.763873, 0.172613
0.764932, 0.172613
0.765991, 0.172613
0.767051, 0.172613
0.768108, 0.172613
0.769164, 0.172613
0.770220, 0.172613
0.771279, 0.172613
0.772339, 0.172613
0.773397, 0.172613
0.774453, 0.172613
0.775509, 0.172613
0.776565, 0.172613
0.777623, 0.172613
0.778680, 0.172613
0.779739, 0.172613
0.780794, 0.172613
0.781848, 0.172613
0.782903, 0.172613
0.783958, 0.172613
0.785018, 0.172613
0.786074, 0.172613
0.787130, 0.172613
0.788185, 0.172613
0.789241, 0.172613
0.790296, 0.172613
0.791353, 0.172613
0.792408, 0.172613
0.793462, 0.172613
0.794521, 0.172613
0.795577, 0.172613
0.796634, 0.172613
0.797691, 0.172613
0.798748, 0.172613
0.799810, 0.172613
0.800867, 0.172613
0.801924, 0.172613
0.802979, 0.172613
0.804034, 0.172613
0.805090, 0.172613
0.806147, 0.172613
0.807203, 0.172613
0.808261, 0.172613
0.809318, 0.172613
0.810373, 0.172613
0.811429, 0.172613
0.812489, 0.172613
0.813545, 0.172613
0.814602, 0.172613
0.815657, 0.172613
0.816716, 0.172613
0.817772, 0.172613
0.818829, 0.172613
0.819886, 0.172613
0.820943, 0.172613
0.821998, 0.172613
0.823053, 0.172613
0.824109, 0.172613
0.825165, 0.172613
0.826222, 0.172613
0.827278, 0.172613
0.828332, 0.172613
0.829389, 0.172613
0.830448, 0.172613
0.831505, 0.172613
0.832561, 0.172613
0.833617, 0.172613
0.834673, 0.172613
0.835730, 0.172613
0.836791, 0.172613
0.837848, 0.172613
0.838905, 0.172613
0.839968, 0.172613
0.841023, 0.172613
0.842079, 0.172613
0.843136, 0.172613
0.844191, 0.172613
0.000000, 0.476986
0.001091, 0.476885
0.002164, 0.476481
0.003223, 0.475775
0.004281, 0.474968
0.005343, 0.473858
0.006418, 0.472849
0.007476, 0.471538
0.008533, 0.470126
0.009590, 0.468411
0.010649, 0.466191
0.011708, 0.463669
0.012765, 0.461147
0.013840, 0.458725
0.014898, 0.456506
0.015956, 0.454085
0.017012, 0.451764
0.018071, 0.449343
0.019129, 0.446922
0.020186, 0.444601
0.021243, 0.442382
0.022300, 0.439860
0.023356, 0.437338
0.024413, 0.434715
0.025471, 0.432596
0.026530, 0.430376
0.027592, 0.427955
0.028649, 0.425534
0.029705, 0.423113
0.030762, 0.420490
0.031819, 0.417967
0.032876, 0.415950
0.033933, 0.413528
0.034990, 0.411107
0.036049, 0.408585
0.037108, 0.405962
0.038164, 0.403036
0.039221, 0.400716
0.040277, 0.397790
0.041334, 0.395167
0.042390, 0.392645
0.043446, 0.390022
0.044503, 0.387197
0.045560, 0.384776
0.046622, 0.381749
0.047682, 0.379126
0.048742, 0.376705
0.049799, 0.374586
0.050856, 0.372165
0.051912, 0.369744
0.052969, 0.367222
0.054026, 0.364901
0.055083, 0.362985
0.056141, 0.360967
0.057198, 0.358949
0.058256, 0.356931
0.059313, 0.354914
0.060370, 0.353199
0.061426, 0.351080
0.062483, 0.348860
0.063539, 0.346944
0.064595, 0.345027
0.065652, 0.343110
0.066710, 0.341294
0.067767, 0.339175
0.068823, 0.337057
0.069879, 0.334837
0.070937, 0.332517
0.071994, 0.330499
0.073051, 0.328683
0.074107, 0.326565
0.075164, 0.324446
0.076220, 0.322227
0.077277, 0.319906
0.078333, 0.317586
0.079390, 0.315568
0.080446, 0.313449
0.081502, 0.311331
0.082559, 0.309313
0.083615, 0.307195
0.084672, 0.305379
0.085728, 0.303260
0.086785, 0.301141
0.087842, 0.299225
0.088899, 0.297711
0.089956, 0.295895
0.091013, 0.294281
0.092069, 0.292566
0.093125, 0.290851
0.094182, 0.289237
0.095240, 0.287522
0.096297, 0.285908
0.097354, 0.284193
0.098410, 0.282477
0.099467, 0.280964
0.100523, 0.279249
0.101579, 0.277837
0.102636, 0.276122
0.103696, 0.274306
0.104762, 0.272692
0.105828, 0.270976
0.106917, 0.269261
0.107980, 0.267546
0.109040, 0.265932
0.110096, 0.264217
0.111154, 0.262502
0.112211, 0.260686
0.113267, 0.259072
0.114324, 0.257155
0.115381, 0.255541
0.116438, 0.253725
0.117495, 0.252010
0.118553, 0.250597
0.119611, 0.249185
0.120667, 0.247571
0.121723, 0.246058
0.122780, 0.244645
0.123838, 0.243334
0.124895, 0.241820
0.125952, 0.240408
0.127009, 0.239096
0.128067, 0.237684
0.129123, 0.236272
0.130181, 0.235162
0.131238, 0.233951
0.132294, 0.232741
0.133350, 0.231429
0.134407, 0.230319
0.135463, 0.229008
0.136521, 0.227898
0.137578, 0.226687
0.138635, 0.225376
0.139691, 0.224165
0.140748, 0.222854
0.141805, 0.221542
0.142862, 0.220130
0.143919, 0.219020
0.144976, 0.217709
0.146032, 0.216498
0.147089, 0.215287
0.148146, 0.214077
0.149203, 0.212967
0.150259, 0.211756
0.151316, 0.210445
0.152372, 0.209234
0.153428, 0.208225
0.154484, 0.207015
0.155540, 0.205905
0.156596, 0.204795
0.157652, 0.203685
0.158709, 0.202677
0.159769, 0.201869
0.160830, 0.200861
0.161889, 0.199852
0.162947, 0.198944
0.164019, 0.198238
0.165077, 0.197330
0.166133, 0.196422
0.167191, 0.195514
0.168247, 0.194707
0.169302, 0.193799
0.170359, 0.192991
0.171414, 0.192184
0.172470, 0.191377
0.173525, 0.190570
0.174581, 0.189662
0.175638, 0.188855
0.176693, 0.188048
0.177749, 0.187241
0.178804, 0.186434
0.179860, 0.185627
0.180916, 0.184820
0.181972, 0.184114
0.183029, 0.183306
0.184084, 0.182600
0.185139, 0.181894
0.186195, 0.181188
0.187250, 0.180482
0.188305, 0.179775
0.189361, 0.179069
0.190417, 0.178363
0.191476, 0.177758
0.192532, 0.177152
0.193594, 0.176648
0.194649, 0.176043
0.195704, 0.175538
0.196759, 0.174933
0.197814, 0.174428
0.198869, 0.174025
0.199924, 0.173520
0.200979, 0.173016
0.202035, 0.172512
0.203090, 0.172108
0.204147, 0.171604
0.205203, 0.171301
0.206260, 0.170797
0.207315, 0.170393
0.208370, 0.169989
0.209424, 0.169586
0.210480, 0.169283
0.211536, 0.168880
0.212590, 0.168577
0.213645, 0.168174
0.214701, 0.167770
0.215757, 0.167467
0.216812, 0.167165
0.217867, 0.166761
0.218922, 0.166458
0.219978, 0.166257
0.221033, 0.165954
0.222088, 0.165752
0.223143, 0.165450
0.224198, 0.165248
0.225254, 0.165046
0.226310, 0.164945
0.227366, 0.164743
0.228542, 0.164643
0.229598, 0.164542
0.230654, 0.164441
0.231709, 0.164340
0.232765, 0.164239
0.233820, 0.164239
0.234875, 0.164239
0.235932, 0.164138
0.236988, 0.164138
0.238043, 0.164138
0.239098, 0.164138
0.240153, 0.164138
0.241209, 0.164138
0.242264, 0.164138
0.243320, 0.164138
0.244376, 0.164138
0.245430, 0.164138
0.246485, 0.164239
0.247541, 0.164239
0.248596, 0.164239
0.249651, 0.164340
0.250706, 0.164340
0.251761, 0.164340
0.252818, 0.164441
0.253874, 0.164542
0.254930, 0.164542
0.255984, 0.164643
0.257041, 0.164743
0.258095, 0.164844
0.259152, 0.164945
0.260208, 0.165046
0.261263, 0.165147
0.262319, 0.165248
0.263375, 0.165349
0.264430, 0.165550
0.265486, 0.165651
0.266542, 0.165853
0.267598, 0.165954
0.268653, 0.166156
0.269709, 0.166257
0.270765, 0.166458
0.271820, 0.166559
0.272875, 0.166660
0.273930, 0.166862
0.274986, 0.166963
0.276041, 0.167165
0.277096, 0.167266
0.278152, 0.167467
0.279207, 0.167568
0.280263, 0.167669
0.281318, 0.167871
0.282372, 0.167972
0.283427, 0.168073
0.284482, 0.168274
0.285538, 0.168375
0.286593, 0.168476
0.287648, 0.168678
0.288704, 0.168678
0.289760, 0.168880
0.290815, 0.168981
0.291870, 0.169081
0.292925, 0.169283
0.293980, 0.169384
0.295035, 0.169485
0.296089, 0.169586
0.297145, 0.169788
0.298206, 0.169889
0.299262, 0.170090
0.300318, 0.170191
0.301373, 0.170393
0.302428, 0.170494
0.303484, 0.170696
0.304539, 0.170797
0.305595, 0.170897
0.306650, 0.170998
0.307705, 0.171099
0.308760, 0.171301
0.309815, 0.171402
0.310870, 0.171503
0.311926, 0.171604
0.312981, 0.171705
0.314036, 0.171805
0.315091, 0.171906
0.316146, 0.171906
0.317202, 0.172007
0.318257, 0.172108
0.319311, 0.172209
0.320367, 0.172209
0.321422, 0.172310
0.322478, 0.172411
0.323534, 0.172411
0.324589, 0.172512
0.325644, 0.172613
0.326698, 0.172613
0.327753, 0.172713
0.328808, 0.172713
0.329863, 0.172814
0.330918, 0.172915
0.331974, 0.172915
0.333029, 0.173016
0.334084, 0.173016
0.335139, 0.173117
0.336194, 0.173117
0.337249, 0.173218
0.338304, 0.173218
0.339359, 0.173218
0.340414, 0.173319
0.341470, 0.173319
0.342525, 0.173319
0.343581, 0.173319
0.344637, 0.173319
0.345692, 0.173319
0.346747, 0.173319
0.347802, 0.173319
0.348858, 0.173319
0.349913, 0.173319
0.350969, 0.173319
0.352025, 0.173319
0.353080, 0.173319
0.354136, 0.173319
0.355192, 0.173218
0.356248, 0.173218
0.357303, 0.173218
0.358358, 0.173218
0.359414, 0.173218
0.360470, 0.173218
0.361525, 0.173218
0.362581, 0.173218
0.363636, 0.173319
0.364691, 0.173319
0.365747, 0.173319
0.366802, 0.173319
0.367857, 0.173319
0.368912, 0.173319
0.369967, 0.173319
0.371022, 0.173319
0.372078, 0.173319
0.373135, 0.173218
0.374190, 0.173218
0.375245, 0.173218
0.376300, 0.173218
0.377356, 0.173218
0.378412, 0.173218
0.379466, 0.173218
0.380521, 0.173117
0.381577, 0.173117
0.382633, 0.173117
0.383689, 0.173117
0.384744, 0.173117
0.385799, 0.173117
0.386855, 0.173117
0.387909, 0.173117
0.388965, 0.173117
0.390021, 0.173117
0.391076, 0.173117
0.392130, 0.173117
0.393186, 0.173117
0.394205, 0.173117
0.395260, 0.173117
0.396315, 0.173117
0.397370, 0.173117
0.398426, 0.173117
0.399481, 0.173117
0.400536, 0.173117
0.401591, 0.173117
0.402646, 0.173117
0.403703, 0.173117
0.404764, 0.173117
0.405821, 0.173117
0.406879, 0.173117
0.407937, 0.173117
0.408994, 0.173117
0.410052, 0.173117
0.411110, 0.173117
0.412167, 0.173117
0.413224, 0.173117
0.414281, 0.173117
0.415338, 0.173117
0.416396, 0.173117
0.417453, 0.173117
0.418511, 0.173117
0.419568, 0.173117
0.420624, 0.173117
0.421681, 0.173117
0.422738, 0.173117
0.423796, 0.173117
0.424854, 0.173117
0.425911, 0.173117
0.426969, 0.173117
0.428026, 0.173117
0.429082, 0.173117
0.430139, 0.173117
0.431197, 0.173117
0.432254, 0.173117
0.433312, 0.173117
0.434370, 0.173117
0.435427, 0.173117
0.436484, 0.173117
0.437540, 0.173117
0.438597, 0.173117
0.439655, 0.173117
0.440713, 0.173117
0.441770, 0.173117
0.442828, 0.173117
0.443885, 0.173117
0.444942, 0.173117
0.445998, 0.173117
0.447056, 0.173117
0.448113, 0.173117
0.449171, 0.173117
0.450228, 0.173117
0.451285, 0.173117
0.452342, 0.173117
0.453398, 0.173117
0.454456, 0.173117
0.455514, 0.173117
0.456603, 0.173117
0.457661, 0.173117
0.458719, 0.173117
0.459775, 0.173117
0.460832, 0.173117
0.461889, 0.173117
0.462946, 0.173117
0.464004, 0.173117
0.465061, 0.173117
0.466119, 0.173117
0.467177, 0.173117
0.468234, 0.173117
0.469291, 0.173117
0.470372, 0.173117
0.471433, 0.173117
0.472491, 0.173117
0.473546, 0.173117
0.474602, 0.173117
0.475657, 0.173117
0.476712, 0.173117
0.477767, 0.173117
0.478822, 0.173117
0.479878, 0.173117
0.480936, 0.173117
0.481992, 0.173117
0.483047, 0.173117
0.484102, 0.173117
0.485157, 0.173117
0.486229, 0.173117
0.487313, 0.173117
0.488395, 0.173117
0.489477, 0.173117
0.490555, 0.173117
0.491637, 0.173117
0.492719, 0.173117
0.493801, 0.173117
0.494884, 0.173117
0.495967, 0.173117
0.497054, 0.173117
0.498136, 0.173117
0.499212, 0.173117
0.500295, 0.173117
0.501377, 0.173117
0.502438, 0.173117
0.503498, 0.173117
0.504559, 0.173117
0.505622, 0.173117
0.506682, 0.173117
0.507743, 0.173117
0.508804, 0.173117
0.509862, 0.173117
0.510919, 0.173117
0.511977, 0.173117
0.513033, 0.173117
0.514089, 0.173117
0.515146, 0.173117
0.516203, 0.173117
0.517260, 0.173117
0.518316, 0.173117
0.519393, 0.173117
0.520450, 0.173117
0.521510, 0.173117
0.522567, 0.173117
0.523624, 0.173117
0.524681, 0.173117
0.525737, 0.173117
0.526794, 0.173117
0.527851, 0.173117
0.528907, 0.173117
0.529979, 0.173117
0.531036, 0.173117
0.532093, 0.173117
0.533150, 0.173117
0.534207, 0.173117
0.535265, 0.173117
0.536323, 0.173117
0.537380, 0.173117
0.538437, 0.173117
0.539495, 0.173117
0.540553, 0.173117
0.541609, 0.173117
0.542682, 0.173117
0.543739, 0.173117
0.544796, 0.173117
0.545853, 0.173117
0.546913, 0.173117
0.547970, 0.173117
0.549027, 0.173117
0.550099, 0.173117
0.551156, 0.173117
0.552214, 0.173117
0.553271, 0.173117
0.554328, 0.173117
0.555384, 0.173117
0.556443, 0.173117
0.557500, 0.173117
0.558557, 0.173117
0.559615, 0.173117
0.560672, 0.173117
0.561730, 0.173117
0.562789, 0.173117
0.563861, 0.173117
0.564919, 0.173117
0.565976, 0.173117
0.567032, 0.173117
0.568090, 0.173117
0.569145, 0.173117
0.570204, 0.173117
0.571260, 0.173117
0.572315, 0.173117
0.573370, 0.173117
0.574426, 0.173117
0.575481, 0.173117
0.576536, 0.173117
0.577592, 0.173117
0.578649, 0.173117
0.579704, 0.173117
0.580760, 0.173117
0.581816, 0.173117
0.582871, 0.173117
0.583927, 0.173117
0.584982, 0.173117
0.586037, 0.173117
0.587093, 0.173117
0.588148, 0.173117
0.589203, 0.173117
0.590258, 0.173117
0.591314, 0.173117
0.592369, 0.173117
0.593424, 0.173117
0.594479, 0.173117
0.595534, 0.173117
0.596589, 0.173117
0.597644, 0.173117
0.598700, 0.173117
0.599756, 0.173117
0.600812, 0.173117
0.601867, 0.173117
0.602923, 0.173117
0.603978, 0.173117
0.605033, 0.173117
0.606088, 0.173117
0.607144, 0.173117
0.608200, 0.173117
0.609256, 0.173117
0.610312, 0.173117
0.611367, 0.173117
0.612422, 0.173117
0.613479, 0.173117
0.614536, 0.173117
0.615592, 0.173117
0.616647, 0.173117
0.617702, 0.173117
0.618758, 0.173117
0.619814, 0.173117
0.620871, 0.173117
0.621926, 0.173117
0.622981, 0.173117
0.624037, 0.173117
0.625092, 0.173117
0.626147, 0.173117
0.627202, 0.173117
0.628257, 0.173117
0.629311, 0.173117
0.630367, 0.173117
0.631423, 0.173117
0.632478, 0.173117
0.633533, 0.173117
0.634587, 0.173117
0.635643, 0.173117
0.636698, 0.173117
0.637753, 0.173117
0.638808, 0.173117
0.639863, 0.173117
0.640918, 0.173117
0.641975, 0.173117
0.643030, 0.173117
0.644085, 0.173117
0.645140, 0.173117
0.646195, 0.173117
0.647251, 0.173117
0.648306, 0.173117
0.649361, 0.173117
0.650416, 0.173117
0.651473, 0.173117
0.652529, 0.173117
0.653585, 0.173117
0.654641, 0.173117
0.655697, 0.173117
0.656752, 0.173117
0.657808, 0.173117
0.658863, 0.173117
0.659919, 0.173117
0.660974, 0.173117
0.662029, 0.173117
0.663085, 0.173117
0.664141, 0.173117
0.665196, 0.173117
0.666252, 0.173117
0.667308, 0.173117
0.668363, 0.173117
0.669419, 0.173117
0.670474, 0.173117
0.671529, 0.173117
0.672585, 0.173117
0.673642, 0.173117
0.674697, 0.173117
0.675752, 0.173117
0.676807, 0.173117
0.677863, 0.173117
0.678918, 0.173117
0.679974, 0.173117
0.681029, 0.173117
0.682084, 0.173117
0.683140, 0.173117
0.684226, 0.173117
0.685281, 0.173117
0.686337, 0.173117
0.687392, 0.173117
0.688448, 0.173117
0.689503, 0.173117
0.690557, 0.173117
0.691612, 0.173117
0.692667, 0.173117
0.693721, 0.173117
0.694776, 0.173117
0.695831, 0.173117
0.696890, 0.173117
0.697943, 0.173117
0.699015, 0.173117
0.700094, 0.173117
0.701176, 0.173117
0.702233, 0.173117
0.703296, 0.173117
0.704357, 0.173117
0.705415, 0.173117
0.706473, 0.173117
0.707530, 0.173117
0.708586, 0.173117
0.709642, 0.173117
0.710698, 0.173117
0.711754, 0.173117
0.712810, 0.173117
0.713866, 0.173117
0.714923, 0.173117
0.715981, 0.173117
0.717039, 0.173117
0.718095, 0.173117
0.719152, 0.173117
0.720211, 0.173117
0.721267, 0.173117
0.722324, 0.173117
0.723380, 0.173117
0.724437, 0.173117
0.725494, 0.173117
0.726550, 0.173117
0.727607, 0.173117
0.728663, 0.173117
0.729719, 0.173117
0.730775, 0.173117
0.731831, 0.173117
0.732888, 0.173117
0.733944, 0.173117
0.735001, 0.173117
0.736057, 0.173117
0.737113, 0.173117
0.738170, 0.173117
0.739226, 0.173117
0.740282, 0.173117
0.741338, 0.173117
0.742394, 0.173117
0.743450, 0.173117
0.744507, 0.173117
0.745563, 0.173117
0.746619, 0.173117
0.747677, 0.173117
0.748734, 0.173117
0.749791, 0.173117
0.750848, 0.173117
0.751904, 0.173117
0.752961, 0.173117
0.754017, 0.173117
0.755074, 0.173117
0.756130, 0.173117
0.757187, 0.173117
0.758244, 0.173117
0.759302, 0.173117
0.760358, 0.173117
0.761416, 0.173117
0.762474, 0.173117
0.763531, 0.173117
0.764587, 0.173117
0.765644, 0.173117
0.766701, 0.173117
0.767757, 0.173117
0.768814, 0.173117
0.769871, 0.173117
0.770927, 0.173117
0.771984, 0.173117
0.773040, 0.173117
0.774100, 0.173117
0.775163, 0.173117
0.776223, 0.173117
0.777281, 0.173117
0.778338, 0.173117
0.779394, 0.173117
0.780451, 0.173117
0.781508, 0.173117
0.782567, 0.173117
0.783626, 0.173117
0.784687, 0.173117
0.785746, 0.173117
0.786805, 0.173117
0.787863, 0.173117
0.788920, 0.173117
0.789977, 0.173117
0.791035, 0.173117
0.792092, 0.173117
0.793150, 0.173117
0.794222, 0.173117
0.795295, 0.173117
0.796352, 0.173117
0.797409, 0.173117
0.798466, 0.173117
0.799523, 0.173117
0.800580, 0.173117
0.801639, 0.173117
0.802695, 0.173117
0.803751, 0.173117
0.804806, 0.173117
0.805862, 0.173117
0.806917, 0.173117
0.807973, 0.173117
0.809028, 0.173117
0.810083, 0.173117
0.811139, 0.173117
0.812195, 0.173117
0.813251, 0.173117
0.814307, 0.173117
0.815362, 0.173117
0.816418, 0.173117
0.817474, 0.173117
0.818531, 0.173117
0.819587, 0.173117
0.820642, 0.173117
0.821697, 0.173117
0.822753, 0.173117
0.823810, 0.173117
0.824866, 0.173117
0.825922, 0.173117
0.826977, 0.173117
0.828033, 0.173117
0.829089, 0.173117
0.830144, 0.173117
0.831200, 0.173117
0.832255, 0.173117
0.833312, 0.173117
0.834368, 0.173117
0.835424, 0.173117
0.836480, 0.173117
0.837535, 0.173117
0.838591, 0.173117
0.839646, 0.173117
0.840701, 0.173117
0.841757, 0.173117
0.842812, 0.173117
0.843870, 0.173117
0.000000, 0.476986
0.001073, 0.476885
0.002132, 0.476481
0.003194, 0.475775
0.004253, 0.474968
0.005312, 0.473959
0.006383, 0.472950
0.007440, 0.471538
0.008497, 0.470126
0.009554, 0.468411
0.010611, 0.466191
0.011672, 0.463972
0.012736, 0.461348
0.013794, 0.458927
0.014875, 0.456304
0.015959, 0.453782
0.017040, 0.451462
0.018122, 0.449040
0.019197, 0.446518
0.020279, 0.443996
0.021343, 0.441474
0.022407, 0.438952
0.023490, 0.436329
0.024572, 0.433807
0.025654, 0.431184
0.026719, 0.428964
0.027781, 0.426644
0.028838, 0.424122
0.029894, 0.421498
0.030950, 0.418875
0.032008, 0.416656
0.033086, 0.413932
0.034168, 0.411511
0.035231, 0.409089
0.036314, 0.406567
0.037396, 0.403642
0.038458, 0.400817
0.039520, 0.397891
0.040583, 0.395066
0.041642, 0.392746
0.042700, 0.390123
0.043757, 0.387298
0.044814, 0.384473
0.045875, 0.381447
0.046937, 0.378723
0.047993, 0.376503
0.049050, 0.373880
0.050106, 0.371257
0.051163, 0.368836
0.052224, 0.366213
0.053301, 0.363792
0.054357, 0.361572
0.055413, 0.359655
0.056469, 0.357537
0.057527, 0.355317
0.058585, 0.353299
0.059641, 0.351383
0.060697, 0.349062
0.061753, 0.347045
0.062810, 0.345027
0.063867, 0.343009
0.064923, 0.340890
0.065979, 0.339075
0.067036, 0.336956
0.068094, 0.334736
0.069151, 0.332416
0.070207, 0.330297
0.071263, 0.328078
0.072329, 0.325959
0.073386, 0.323942
0.074442, 0.321823
0.075499, 0.319503
0.076557, 0.317081
0.077613, 0.314761
0.078670, 0.312542
0.079727, 0.310524
0.080783, 0.308203
0.081839, 0.305984
0.082904, 0.303865
0.083960, 0.301646
0.085022, 0.299527
0.086078, 0.297812
0.087135, 0.295694
0.088192, 0.293777
0.089248, 0.291860
0.090304, 0.290044
0.091366, 0.288531
0.092422, 0.286715
0.093478, 0.284798
0.094535, 0.282881
0.095592, 0.281065
0.096648, 0.279552
0.097705, 0.277837
0.098761, 0.276122
0.099819, 0.274407
0.100875, 0.272692
0.101932, 0.271279
0.102995, 0.269261
0.104055, 0.267647
0.105116, 0.265932
0.106177, 0.264217
0.107233, 0.262603
0.108317, 0.260787
0.109378, 0.258870
0.110439, 0.256953
0.111496, 0.255137
0.112551, 0.253220
0.113606, 0.251405
0.114687, 0.249689
0.115769, 0.247974
0.116852, 0.246360
0.117934, 0.244645
0.119017, 0.242829
0.120099, 0.241114
0.121180, 0.239500
0.122240, 0.237785
0.123323, 0.236171
0.124403, 0.234758
0.125484, 0.233346
0.126541, 0.232034
0.127621, 0.230622
0.128703, 0.229310
0.129783, 0.227898
0.130856, 0.226587
0.131935, 0.225174
0.133016, 0.223863
0.134097, 0.222551
0.135178, 0.221139
0.136259, 0.219726
0.137339, 0.218415
0.138400, 0.217204
0.139458, 0.215893
0.140515, 0.214581
0.141598, 0.213270
0.142674, 0.211958
0.143754, 0.210546
0.144831, 0.209133
0.145912, 0.207822
0.146985, 0.206510
0.148055, 0.205300
0.149127, 0.203786
0.150198, 0.202677
0.151270, 0.201466
0.152342, 0.200154
0.153413, 0.198944
0.154485, 0.197733
0.155558, 0.196523
0.156629, 0.195312
0.157700, 0.194202
0.158773, 0.193092
0.159845, 0.192084
0.160916, 0.190974
0.161987, 0.189965
0.163059, 0.188956
0.164130, 0.188048
0.165202, 0.187039
0.166274, 0.186131
0.167362, 0.185324
0.168444, 0.184416
0.169525, 0.183508
0.170607, 0.182600
0.171689, 0.181793
0.172770, 0.180885
0.173852, 0.179977
0.174929, 0.179069
0.176005, 0.178161
0.177081, 0.177253
0.178158, 0.176345
0.179239, 0.175437
0.180319, 0.174529
0.181400, 0.173520
0.182475, 0.172613
0.183558, 0.171705
0.184639, 0.170897
0.185719, 0.170090
0.186794, 0.169283
0.187875, 0.168476
0.188955, 0.167770
0.190035, 0.166963
0.191116, 0.166257
0.192192, 0.165651
0.193273, 0.164945
0.194309, 0.164340
0.195391, 0.163735
0.196472, 0.163028
0.197554, 0.162524
0.198631, 0.161919
0.199714, 0.161414
0.200795, 0.160910
0.201878, 0.160405
0.202959, 0.159901
0.204040, 0.159396
0.205121, 0.158892
0.206203, 0.158488
0.207283, 0.157984
0.208364, 0.157480
0.209445, 0.156975
0.210520, 0.156471
0.211602, 0.156067
0.212683, 0.155563
0.213763, 0.155058
0.214844, 0.154655
0.215925, 0.154251
0.217007, 0.153848
0.218088, 0.153444
0.219170, 0.153041
0.220253, 0.152738
0.221334, 0.152435
0.222416, 0.152133
0.223499, 0.151830
0.224580, 0.151527
0.225662, 0.151326
0.226744, 0.151023
0.227825, 0.150821
0.228907, 0.150720
0.229988, 0.150518
0.231084, 0.150418
0.232142, 0.150317
0.233198, 0.150216
0.234256, 0.150216
0.235318, 0.150115
0.236380, 0.150014
0.237438, 0.150014
0.238496, 0.150014
0.239553, 0.150014
0.240610, 0.150014
0.241667, 0.150014
0.242724, 0.150014
0.243780, 0.150014
0.244837, 0.150014
0.245894, 0.150014
0.246952, 0.150014
0.248009, 0.150014
0.249066, 0.150115
0.250122, 0.150115
0.251179, 0.150216
0.252237, 0.150216
0.253293, 0.150317
0.254349, 0.150317
0.255406, 0.150418
0.256462, 0.150518
0.257518, 0.150619
0.258575, 0.150720
0.259631, 0.150922
0.260688, 0.151023
0.261745, 0.151124
0.262802, 0.151326
0.263859, 0.151527
0.264916, 0.151729
0.265972, 0.151931
0.267029, 0.152133
0.268085, 0.152334
0.269142, 0.152435
0.270200, 0.152637
0.271260, 0.152839
0.272316, 0.153041
0.273374, 0.153242
0.274430, 0.153444
0.275486, 0.153646
0.276542, 0.153747
0.277598, 0.153949
0.278654, 0.154150
0.279710, 0.154352
0.280766, 0.154554
0.281823, 0.154655
0.282880, 0.154857
0.283938, 0.155058
0.284994, 0.155260
0.286050, 0.155361
0.287106, 0.155563
0.288164, 0.155765
0.289220, 0.155966
0.290283, 0.156168
0.291343, 0.156370
0.292404, 0.156471
0.293462, 0.156673
0.294520, 0.156874
0.295577, 0.157076
0.296632, 0.157278
0.297691, 0.157480
0.298750, 0.157681
0.299807, 0.157883
0.300863, 0.158085
0.301919, 0.158287
0.302975, 0.158488
0.304032, 0.158589
0.305090, 0.158791
0.306146, 0.158993
0.307202, 0.159094
0.308258, 0.159296
0.309314, 0.159396
0.310370, 0.159598
0.311426, 0.159699
0.312482, 0.159901
0.313539, 0.160002
0.314594, 0.160103
0.315652, 0.160304
0.316708, 0.160405
0.317765, 0.160506
0.318822, 0.160607
0.319879, 0.160708
0.320935, 0.160809
0.321992, 0.160910
0.323049, 0.161011
0.324107, 0.161111
0.325163, 0.161212
0.326221, 0.161313
0.327277, 0.161414
0.328334, 0.161414
0.329390, 0.161515
0.330447, 0.161616
0.331504, 0.161717
0.332561, 0.161818
0.333617, 0.161919
0.334674, 0.162019
0.335730, 0.162120
0.336787, 0.162221
0.337843, 0.162221
0.338900, 0.162322
0.339956, 0.162423
0.341014, 0.162423
0.342071, 0.162524
0.343127, 0.162524
0.344184, 0.162524
0.345242, 0.162625
0.346286, 0.162625
0.347344, 0.162625
0.348400, 0.162625
0.349457, 0.162625
0.350512, 0.162625
0.351569, 0.162625
0.352626, 0.162625
0.353682, 0.162625
0.354742, 0.162625
0.355801, 0.162625
0.356857, 0.162625
0.357912, 0.162625
0.358971, 0.162625
0.360030, 0.162625
0.361086, 0.162625
0.362141, 0.162625
0.363198, 0.162625
0.364256, 0.162625
0.365312, 0.162625
0.366369, 0.162625
0.367425, 0.162625
0.368481, 0.162625
0.369537, 0.162625
0.370596, 0.162625
0.371653, 0.162625
0.372714, 0.162625
0.373770, 0.162524
0.374827, 0.162524
0.375883, 0.162524
0.376940, 0.162524
0.377996, 0.162524
0.379053, 0.162423
0.380110, 0.162423
0.381167, 0.162423
0.382223, 0.162423
0.383289, 0.162322
0.384346, 0.162322
0.385406, 0.162322
0.386462, 0.162322
0.387519, 0.162322
0.388578, 0.162221
0.389634, 0.162221
0.390690, 0.162221
0.391756, 0.162221
0.392817, 0.162221
0.393873, 0.162221
0.394929, 0.162221
0.395987, 0.162221
0.397043, 0.162221
0.398099, 0.162221
0.399155, 0.162221
0.400221, 0.162322
0.401286, 0.162322
0.402342, 0.162322
0.403356, 0.162322
0.404416, 0.162322
0.405474, 0.162322
0.406546, 0.162322
0.407603, 0.162322
0.408659, 0.162322
0.409716, 0.162322
0.410773, 0.162322
0.411830, 0.162322
0.412886, 0.162322
0.413943, 0.162322
0.415000, 0.162322
0.416057, 0.162322
0.417113, 0.162322
0.418170, 0.162322
0.419227, 0.162322
0.420284, 0.162322
0.421340, 0.162322
0.422396, 0.162322
0.423454, 0.162322
0.424511, 0.162322
0.425569, 0.162322
0.426626, 0.162322
0.427683, 0.162322
0.428740, 0.162322
0.429811, 0.162322
0.430869, 0.162322
0.431926, 0.162322
0.432983, 0.162322
0.434040, 0.162322
0.435097, 0.162322
0.436155, 0.162322
0.437212, 0.162322
0.438270, 0.162322
0.439328, 0.162322
0.440385, 0.162322
0.441441, 0.162322
0.442498, 0.162322
0.443555, 0.162322
0.444614, 0.162322
0.445687, 0.162322
0.446746, 0.162322
0.447817, 0.162322
0.448874, 0.162322
0.449931, 0.162322
0.450987, 0.162322
0.452044, 0.162322
0.453101, 0.162322
0.454159, 0.162322
0.455234, 0.162322
0.456292, 0.162322
0.457350, 0.162322
0.458407, 0.162322
0.459487, 0.162322
0.460547, 0.162322
0.461608, 0.162322
0.462668, 0.162322
0.463725, 0.162322
0.464782, 0.162322
0.465839, 0.162322
0.466896, 0.162322
0.467954, 0.162322
0.469020, 0.162322
0.470077, 0.162322
0.471134, 0.162322
0.472191, 0.162322
0.473248, 0.162322
0.474307, 0.162322
0.475364, 0.162322
0.476421, 0.162322
0.477478, 0.162322
0.478536, 0.162322
0.479593, 0.162322
0.480664, 0.162322
0.481723, 0.162322
0.482781, 0.162322
0.483838, 0.162322
0.484897, 0.162322
0.485954, 0.162322
0.487026, 0.162322
0.488083, 0.162322
0.489141, 0.162322
0.490199, 0.162322
0.491256, 0.162322
0.492313, 0.162322
0.493369, 0.162322
0.494426, 0.162322
0.495483, 0.162322
0.496539, 0.162322
0.497610, 0.162322
0.498667, 0.162322
0.499725, 0.162322
0.500793, 0.162322
0.501850, 0.162322
0.502906, 0.162322
0.503963, 0.162322
0.505019, 0.162322
0.506091, 0.162322
0.507148, 0.162322
0.508204, 0.162322
0.509260, 0.162322
0.510286, 0.162322
0.511343, 0.162322
0.512400, 0.162322
0.513457, 0.162322
0.514513, 0.162322
0.515571, 0.162322
0.516628, 0.162322
0.517701, 0.162322
0.518758, 0.162322
0.519815, 0.162322
0.520873, 0.162322
0.521929, 0.162322
0.522986, 0.162322
0.524042, 0.162322
0.525098, 0.162322
0.526155, 0.162322
0.527212, 0.162322
0.528268, 0.162322
0.529324, 0.162322
0.530379, 0.162322
0.531438, 0.162322
0.532495, 0.162322
0.533553, 0.162322
0.534613, 0.162322
0.535670, 0.162322
0.536726, 0.162322
0.537782, 0.162322
0.538839, 0.162322
0.539896, 0.162322
0.540953, 0.162322
0.542010, 0.162322
0.543067, 0.162322
0.544125, 0.162322
0.545182, 0.162322
0.546238, 0.162322
0.547295, 0.162322
0.548353, 0.162322
0.549425, 0.162322
0.550498, 0.162322
0.551555, 0.162322
0.552612, 0.162322
0.553669, 0.162322
0.554726, 0.162322
0.555784, 0.162322
0.556842, 0.162322
0.557898, 0.162322
0.558954, 0.162322
0.560009, 0.162322
0.561065, 0.162322
0.562121, 0.162322
0.563178, 0.162322
0.564233, 0.162322
0.565288, 0.162322
0.566345, 0.162322
0.567400, 0.162322
0.568456, 0.162322
0.569511, 0.162322
0.570566, 0.162322
0.571621, 0.162322
0.572677, 0.162322
0.573733, 0.162322
0.574788, 0.162322
0.575843, 0.162322
0.576899, 0.162322
0.577955, 0.162322
0.579010, 0.162322
0.580066, 0.162322
0.581122, 0.162322
0.582178, 0.162322
0.583233, 0.162322
0.584291, 0.162322
0.585346, 0.162322
0.586401, 0.162322
0.587456, 0.162322
0.588512, 0.162322
0.589567, 0.162322
0.590624, 0.162322
0.591687, 0.162322
0.592746, 0.162322
0.593802, 0.162322
0.594858, 0.162322
0.595915, 0.162322
0.596972, 0.162322
0.598027, 0.162322
0.599082, 0.162322
0.600137, 0.162322
0.601193, 0.162322
0.602250, 0.162322
0.603307, 0.162322
0.604361, 0.162322
0.605423, 0.162322
0.606483, 0.162322
0.607556, 0.162322
0.608628, 0.162322
0.609701, 0.162322
0.610777, 0.162322
0.611859, 0.162322
0.612941, 0.162322
0.614023, 0.162322
0.615105, 0.162322
0.616187, 0.162322
0.617269, 0.162322
0.618328, 0.162322
0.619411, 0.162322
0.620492, 0.162322
0.621574, 0.162322
0.622655, 0.162322
0.623737, 0.162322
0.624818, 0.162322
0.625900, 0.162322
0.626974, 0.162322
0.628054, 0.162322
0.629136, 0.162322
0.630217, 0.162322
0.631299, 0.162322
0.632380, 0.162322
0.633461, 0.162322
0.634544, 0.162322
0.635606, 0.162322
0.636688, 0.162322
0.637769, 0.162322
0.638846, 0.162322
0.639928, 0.162322
0.641009, 0.162322
0.642091, 0.162322
0.643173, 0.162322
0.644254, 0.162322
0.645336, 0.162322
0.646418, 0.162322
0.647501, 0.162322
0.648583, 0.162322
0.649665, 0.162322
0.650743, 0.162322
0.651825, 0.162322
0.652906, 0.162322
0.653987, 0.162322
0.655069, 0.162322
0.656151, 0.162322
0.657233, 0.162322
0.658308, 0.162322
0.659390, 0.162322
0.660471, 0.162322
0.661553, 0.162322
0.662630, 0.162322
0.663712, 0.162322
0.664795, 0.162322
0.665877, 0.162322
0.666960, 0.162322
0.668042, 0.162322
0.669123, 0.162322
0.670205, 0.162322
0.671286, 0.162322
0.672368, 0.162322
0.673449, 0.162322
0.674531, 0.162322
0.675594, 0.162322
0.676652, 0.162322
0.677710, 0.162322
0.678768, 0.162322
0.679825, 0.162322
0.680882, 0.162322
0.681939, 0.162322
0.682998, 0.162322
0.684056, 0.162322
0.685113, 0.162322
0.686170, 0.162322
0.687227, 0.162322
0.688312, 0.162322
0.689369, 0.162322
0.690427, 0.162322
0.691485, 0.162322
0.692542, 0.162322
0.693599, 0.162322
0.694656, 0.162322
0.695714, 0.162322
0.696771, 0.162322
0.697829, 0.162322
0.698886, 0.162322
0.699943, 0.162322
0.701000, 0.162322
0.702057, 0.162322
0.703114, 0.162322
0.704173, 0.162322
0.705230, 0.162322
0.706290, 0.162322
0.707348, 0.162322
0.708404, 0.162322
0.709461, 0.162322
0.710519, 0.162322
0.711576, 0.162322
0.712633, 0.162322
0.713691, 0.162322
0.714749, 0.162322
0.715805, 0.162322
0.716861, 0.162322
0.717917, 0.162322
0.718974, 0.162322
0.720031, 0.162322
0.721088, 0.162322
0.722145, 0.162322
0.723203, 0.162322
0.724259, 0.162322
0.725316, 0.162322
0.726372, 0.162322
0.727431, 0.162322
0.728487, 0.162322
0.729543, 0.162322
0.730605, 0.162322
0.731667, 0.162322
0.732725, 0.162322
0.733782, 0.162322
0.734840, 0.162322
0.735898, 0.162322
0.736955, 0.162322
0.738011, 0.162322
0.739068, 0.162322
0.740124, 0.162322
0.741181, 0.162322
0.742237, 0.162322
0.743294, 0.162322
0.744350, 0.162322
0.745407, 0.162322
0.746464, 0.162322
0.747521, 0.162322
0.748577, 0.162322
0.749634, 0.162322
0.750691, 0.162322
0.751748, 0.162322
0.752804, 0.162322
0.753862, 0.162322
0.754919, 0.162322
0.755976, 0.162322
0.757034, 0.162322
0.758091, 0.162322
0.759149, 0.162322
0.760205, 0.162322
0.761261, 0.162322
0.762288, 0.162322
0.763346, 0.162322
0.764402, 0.162322
0.765459, 0.162322
0.766516, 0.162322
0.767573, 0.162322
0.768631, 0.162322
0.769689, 0.162322
0.770746, 0.162322
0.771803, 0.162322
0.772859, 0.162322
0.773916, 0.162322
0.774974, 0.162322
0.776031, 0.162322
0.777087, 0.162322
0.778145, 0.162322
0.779202, 0.162322
0.780259, 0.162322
0.781315, 0.162322
0.782371, 0.162322
0.783428, 0.162322
0.784486, 0.162322
0.785542, 0.162322
0.786614, 0.162322
0.787674, 0.162322
0.788739, 0.162322
0.789801, 0.162322
0.790861, 0.162322
0.791918, 0.162322
0.792975, 0.162322
0.794032, 0.162322
0.795089, 0.162322
0.796146, 0.162322
0.797202, 0.162322
0.798260, 0.162322
0.799319, 0.162322
0.800377, 0.162322
0.801433, 0.162322
0.802492, 0.162322
0.803548, 0.162322
0.804605, 0.162322
0.805662, 0.162322
0.806719, 0.162322
0.807776, 0.162322
0.808833, 0.162322
0.809890, 0.162322
0.810947, 0.162322
0.812004, 0.162322
0.813061, 0.162322
0.814117, 0.162322
0.815176, 0.162322
0.816232, 0.162322
0.817289, 0.162322
0.818346, 0.162322
0.819404, 0.162322
0.820463, 0.162322
0.821521, 0.162322
0.822579, 0.162322
0.823637, 0.162322
0.824693, 0.162322
0.825750, 0.162322
0.826807, 0.162322
0.827863, 0.162322
0.828920, 0.162322
0.829977, 0.162322
0.831035, 0.162322
0.832092, 0.162322
0.833149, 0.162322
0.834206, 0.162322
0.835263, 0.162322
0.836322, 0.162322
0.837379, 0.162322
0.838436, 0.162322
0.839492, 0.162322
0.840549, 0.162322
0.841606, 0.162322
0.842662, 0.162322
0.843718, 0.162322
0.844773, 0.162322
0.845828, 0.162322
0.846884, 0.162322
0.847939, 0.162322
0.848994, 0.162322
0.850049, 0.162322
0.851105, 0.162322
0.852162, 0.162322
0.853217, 0.162322
0.854272, 0.162322
0.855328, 0.162322
0.856387, 0.162322
0.857444, 0.162322
0.858500, 0.162322
0.000000, 0.476582
0.001078, 0.476481
0.002136, 0.476078
0.003193, 0.475473
0.004251, 0.474665
0.005308, 0.473657
0.006364, 0.472547
0.007422, 0.471134
0.008480, 0.469722
0.009538, 0.468209
0.010597, 0.466090
0.011659, 0.463568
0.012721, 0.461046
0.013792, 0.458625
0.014854, 0.456102
0.015913, 0.453984
0.016970, 0.451663
0.018027, 0.449343
0.019085, 0.446922
0.020143, 0.444400
0.021201, 0.442382
0.022258, 0.439860
0.023315, 0.437338
0.024372, 0.434815
0.025430, 0.432697
0.026490, 0.430175
0.027551, 0.427854
0.028609, 0.425736
0.029666, 0.423314
0.030724, 0.420792
0.031781, 0.418270
0.032841, 0.416252
0.033900, 0.413730
0.034959, 0.411410
0.036017, 0.408888
0.037074, 0.406265
0.038131, 0.403440
0.039188, 0.401019
0.040244, 0.398194
0.041302, 0.395571
0.042359, 0.393049
0.043416, 0.390526
0.044473, 0.387803
0.045530, 0.385381
0.046589, 0.382355
0.047647, 0.379933
0.048704, 0.377512
0.049761, 0.375192
0.050834, 0.372972
0.051893, 0.370551
0.052951, 0.368130
0.054008, 0.365910
0.055065, 0.363691
0.056122, 0.361774
0.057180, 0.359857
0.058236, 0.358041
0.059293, 0.356023
0.060351, 0.354006
0.061407, 0.351988
0.062465, 0.349970
0.063523, 0.347953
0.064580, 0.346137
0.065637, 0.344220
0.066695, 0.342404
0.067752, 0.340386
0.068809, 0.338167
0.069867, 0.336351
0.070924, 0.334131
0.071981, 0.332013
0.073039, 0.329995
0.074097, 0.327977
0.075156, 0.325858
0.076214, 0.323639
0.077270, 0.321722
0.078327, 0.319503
0.079384, 0.317182
0.080441, 0.314963
0.081499, 0.312945
0.082564, 0.311230
0.083622, 0.309111
0.084679, 0.306993
0.085737, 0.305278
0.086794, 0.303260
0.087851, 0.301242
0.088909, 0.299426
0.089966, 0.297812
0.091025, 0.296299
0.092098, 0.294685
0.093157, 0.293070
0.094214, 0.291355
0.095272, 0.289640
0.096330, 0.288026
0.097388, 0.286513
0.098444, 0.284899
0.099501, 0.283285
0.100558, 0.281670
0.101615, 0.280056
0.102673, 0.278644
0.103746, 0.276929
0.104803, 0.275214
0.105860, 0.273499
0.106918, 0.271784
0.107974, 0.270371
0.109046, 0.268656
0.110103, 0.266941
0.111161, 0.265327
0.112218, 0.263814
0.113275, 0.262098
0.114332, 0.260383
0.115389, 0.258668
0.116447, 0.256852
0.117504, 0.255238
0.118577, 0.253725
0.119634, 0.252010
0.120691, 0.250698
0.121749, 0.249387
0.122804, 0.247874
0.123860, 0.246562
0.124915, 0.245250
0.125971, 0.243838
0.127027, 0.242728
0.128083, 0.241316
0.129138, 0.240105
0.130193, 0.238794
0.131249, 0.237583
0.132305, 0.236272
0.133361, 0.235263
0.134417, 0.234052
0.135472, 0.232942
0.136528, 0.231631
0.137584, 0.230521
0.138641, 0.229411
0.139697, 0.228302
0.140752, 0.227091
0.141807, 0.225880
0.142863, 0.224569
0.143919, 0.223358
0.144975, 0.222248
0.146030, 0.220937
0.147086, 0.219726
0.148141, 0.218516
0.149197, 0.217305
0.150252, 0.216195
0.151307, 0.215186
0.152363, 0.214077
0.153418, 0.212866
0.154475, 0.211756
0.155530, 0.210848
0.156586, 0.209839
0.157641, 0.208831
0.158698, 0.207822
0.159753, 0.206914
0.160810, 0.205905
0.161865, 0.205098
0.162921, 0.204190
0.163976, 0.203282
0.165032, 0.202475
0.166088, 0.201769
0.167144, 0.201062
0.168199, 0.200356
0.169255, 0.199448
0.170310, 0.198742
0.171365, 0.197935
0.172421, 0.197229
0.173477, 0.196523
0.174532, 0.195615
0.175588, 0.194908
0.176643, 0.194101
0.177698, 0.193294
0.178756, 0.192588
0.179812, 0.191781
0.180867, 0.191075
0.181922, 0.190268
0.182978, 0.189460
0.184034, 0.188754
0.185090, 0.188149
0.186145, 0.187443
0.187201, 0.186737
0.188256, 0.186030
0.189312, 0.185526
0.190367, 0.185021
0.191423, 0.184517
0.192478, 0.183912
0.193533, 0.183407
0.194589, 0.182903
0.195645, 0.182499
0.196700, 0.182096
0.197755, 0.181591
0.198811, 0.181188
0.199868, 0.180784
0.200924, 0.180482
0.201980, 0.180078
0.203035, 0.179675
0.204091, 0.179271
0.205147, 0.178867
0.206204, 0.178565
0.207260, 0.178262
0.208315, 0.177859
0.209370, 0.177556
0.210428, 0.177152
0.211483, 0.176850
0.212538, 0.176547
0.213593, 0.176244
0.214648, 0.175942
0.215704, 0.175740
0.216760, 0.175437
0.217816, 0.175135
0.218871, 0.174933
0.219926, 0.174731
0.220983, 0.174428
0.222039, 0.174227
0.223094, 0.174126
0.224149, 0.173924
0.225204, 0.173823
0.226260, 0.173722
0.227316, 0.173621
0.228422, 0.173520
0.229479, 0.173420
0.230537, 0.173420
0.231593, 0.173420
0.232648, 0.173420
0.233704, 0.173420
0.234760, 0.173420
0.235816, 0.173520
0.236871, 0.173520
0.237926, 0.173621
0.238982, 0.173621
0.240038, 0.173722
0.241094, 0.173823
0.242149, 0.173823
0.243204, 0.173924
0.244260, 0.173924
0.245315, 0.174025
0.246370, 0.174126
0.247426, 0.174126
0.248481, 0.174227
0.249538, 0.174328
0.250594, 0.174328
0.251649, 0.174428
0.252704, 0.174529
0.253760, 0.174630
0.254817, 0.174731
0.255873, 0.174832
0.256929, 0.174933
0.257984, 0.175034
0.259039, 0.175135
0.260096, 0.175236
0.261151, 0.175437
0.262206, 0.175538
0.263262, 0.175639
0.264318, 0.175841
0.265373, 0.175942
0.266429, 0.176144
0.267485, 0.176244
0.268540, 0.176446
0.269596, 0.176547
0.270653, 0.176749
0.271709, 0.176850
0.272764, 0.177051
0.273819, 0.177152
0.274875, 0.177354
0.275932, 0.177455
0.276988, 0.177657
0.278043, 0.177758
0.279099, 0.177959
0.280154, 0.178060
0.281210, 0.178161
0.282267, 0.178363
0.283322, 0.178464
0.284377, 0.178565
0.285433, 0.178666
0.286489, 0.178767
0.287545, 0.178968
0.288600, 0.179069
0.289656, 0.179170
0.290712, 0.179372
0.291769, 0.179473
0.292825, 0.179574
0.293881, 0.179775
0.294937, 0.179876
0.295992, 0.180078
0.297048, 0.180179
0.298105, 0.180381
0.299160, 0.180482
0.300215, 0.180683
0.301270, 0.180784
0.302327, 0.180885
0.303382, 0.181087
0.304438, 0.181188
0.305493, 0.181289
0.306549, 0.181390
0.307604, 0.181490
0.308659, 0.181692
0.309715, 0.181793
0.310770, 0.181793
0.311826, 0.181894
0.312882, 0.181995
0.313937, 0.182096
0.314992, 0.182197
0.316048, 0.182298
0.317104, 0.182298
0.318159, 0.182398
0.319215, 0.182499
0.320270, 0.182499
0.321326, 0.182600
0.322382, 0.182701
0.323438, 0.182701
0.324493, 0.182802
0.325549, 0.182802
0.326604, 0.182903
0.327660, 0.183004
0.328715, 0.183004
0.329770, 0.183105
0.330827, 0.183105
0.331883, 0.183206
0.332938, 0.183206
0.333995, 0.183306
0.335051, 0.183407
0.336106, 0.183407
0.337161, 0.183407
0.338216, 0.183508
0.339272, 0.183508
0.340328, 0.183508
0.341383, 0.183609
0.342440, 0.183609
0.343497, 0.183609
0.344552, 0.183609
0.345607, 0.183609
0.346636, 0.183609
0.347692, 0.183609
0.348748, 0.183609
0.349803, 0.183609
0.350858, 0.183609
0.351914, 0.183609
0.352970, 0.183609
0.354024, 0.183609
0.355080, 0.183609
0.356135, 0.183609
0.357191, 0.183609
0.358246, 0.183609
0.359302, 0.183609
0.360358, 0.183609
0.361413, 0.183609
0.362469, 0.183609
0.363525, 0.183609
0.364581, 0.183609
0.365636, 0.183609
0.366692, 0.183609
0.367747, 0.183609
0.368802, 0.183609
0.369858, 0.183609
0.370913, 0.183609
0.371969, 0.183609
0.373024, 0.183609
0.374079, 0.183609
0.375135, 0.183609
0.376191, 0.183609
0.377246, 0.183508
0.378302, 0.183508
0.379358, 0.183508
0.380413, 0.183508
0.381468, 0.183508
0.382525, 0.183508
0.383581, 0.183508
0.384636, 0.183508
0.385691, 0.183407
0.386747, 0.183407
0.387803, 0.183407
0.388859, 0.183407
0.389915, 0.183407
0.390970, 0.183407
0.392025, 0.183407
0.393081, 0.183508
0.394136, 0.183508
0.395192, 0.183508
0.396247, 0.183508
0.397303, 0.183508
0.398359, 0.183508
0.399414, 0.183508
0.400470, 0.183508
0.401525, 0.183508
0.402580, 0.183508
0.403636, 0.183508
0.404692, 0.183508
0.405747, 0.183508
0.406803, 0.183508
0.407859, 0.183508
0.408914, 0.183508
0.409971, 0.183508
0.411027, 0.183508
0.412083, 0.183508
0.413138, 0.183508
0.414194, 0.183508
0.415251, 0.183508
0.416308, 0.183508
0.417363, 0.183508
0.418418, 0.183508
0.419474, 0.183508
0.420530, 0.183508
0.421586, 0.183508
0.422641, 0.183508
0.423697, 0.183508
0.424752, 0.183508
0.425807, 0.183508
0.426863, 0.183508
0.427918, 0.183508
0.428974, 0.183508
0.430029, 0.183508
0.431086, 0.183508
0.432142, 0.183508
0.433197, 0.183508
0.434252, 0.183508
0.435308, 0.183508
0.436364, 0.183508
0.437419, 0.183508
0.438474, 0.183508
0.439531, 0.183508
0.440586, 0.183508
0.441641, 0.183508
0.442697, 0.183508
0.443752, 0.183508
0.444807, 0.183508
0.445863, 0.183508
0.446918, 0.183508
0.447973, 0.183508
0.449028, 0.183508
0.450085, 0.183508
0.451141, 0.183508
0.452197, 0.183508
0.453252, 0.183508
0.454307, 0.183508
0.455363, 0.183508
0.456442, 0.183508
0.457498, 0.183508
0.458554, 0.183508
0.459610, 0.183508
0.460666, 0.183508
0.461722, 0.183508
0.462777, 0.183508
0.463832, 0.183508
0.464887, 0.183508
0.465944, 0.183508
0.466999, 0.183508
0.468054, 0.183508
0.469109, 0.183508
0.470165, 0.183508
0.471221, 0.183508
0.472277, 0.183508
0.473333, 0.183508
0.474389, 0.183508
0.475444, 0.183508
0.476499, 0.183508
0.477555, 0.183508
0.478610, 0.183508
0.479666, 0.183508
0.480722, 0.183508
0.481778, 0.183508
0.482834, 0.183508
0.483889, 0.183508
0.484946, 0.183508
0.486002, 0.183508
0.487057, 0.183508
0.488112, 0.183508
0.489169, 0.183508
0.490225, 0.183508
0.491281, 0.183508
0.492337, 0.183508
0.493392, 0.183508
0.494448, 0.183508
0.495504, 0.183508
0.496560, 0.183508
0.497615, 0.183508
0.498671, 0.183508
0.499726, 0.183508
0.500783, 0.183508
0.501839, 0.183508
0.502895, 0.183508
0.503951, 0.183508
0.505006, 0.183508
0.506062, 0.183508
0.507118, 0.183508
0.508173, 0.183508
0.509229, 0.183508
0.510284, 0.183508
0.511340, 0.183508
0.512395, 0.183508
0.513451, 0.183508
0.514506, 0.183508
0.515562, 0.183508
0.516617, 0.183508
0.517672, 0.183508
0.518727, 0.183508
0.519783, 0.183508
0.520838, 0.183508
0.521894, 0.183508
0.522949, 0.183508
0.524005, 0.183508
0.525061, 0.183508
0.526117, 0.183508
0.527173, 0.183508
0.528228, 0.183508
0.529283, 0.183508
0.530339, 0.183508
0.531397, 0.183508
0.532454, 0.183508
0.533510, 0.183508
0.534566, 0.183508
0.535624, 0.183508
0.536680, 0.183508
0.537735, 0.183508
0.538790, 0.183508
0.539845, 0.183508
0.540899, 0.183508
0.541954, 0.183508
0.543009, 0.183508
0.544064, 0.183508
0.545119, 0.183508
0.546174, 0.183508
0.547229, 0.183508
0.548284, 0.183508
0.549339, 0.183508
0.550393, 0.183508
0.551448, 0.183508
0.552503, 0.183508
0.553557, 0.183508
0.554612, 0.183508
0.555668, 0.183508
0.556723, 0.183508
0.557778, 0.183508
0.558834, 0.183508
0.559889, 0.183508
0.560943, 0.183508
0.561998, 0.183508
0.563052, 0.183508
0.564107, 0.183508
0.565162, 0.183508
0.566217, 0.183508
0.567271, 0.183508
0.568326, 0.183508
0.569380, 0.183508
0.570435, 0.183508
0.571490, 0.183508
0.572544, 0.183508
0.573599, 0.183508
0.574653, 0.183508
0.575708, 0.183508
0.576763, 0.183508
0.577817, 0.183508
0.578872, 0.183508
0.579926, 0.183508
0.580981, 0.183508
0.582035, 0.183508
0.583090, 0.183508
0.584145, 0.183508
0.585200, 0.183508
0.586255, 0.183508
0.587310, 0.183508
0.588364, 0.183508
0.589419, 0.183508
0.590474, 0.183508
0.591529, 0.183508
0.592583, 0.183508
0.593638, 0.183508
0.594692, 0.183508
0.595747, 0.183508
0.596804, 0.183508
0.597864, 0.183508
0.598927, 0.183508
0.599985, 0.183508
0.601041, 0.183508
0.602096, 0.183508
0.603153, 0.183508
0.604208, 0.183508
0.605263, 0.183508
0.606322, 0.183508
0.607378, 0.183508
0.608433, 0.183508
0.609490, 0.183508
0.610545, 0.183508
0.611601, 0.183508
0.612661, 0.183508
0.613717, 0.183508
0.614772, 0.183508
0.615827, 0.183508
0.616886, 0.183508
0.617941, 0.183508
0.618995, 0.183508
0.620052, 0.183508
0.621108, 0.183508
0.622166, 0.183508
0.623222, 0.183508
0.624277, 0.183508
0.625332, 0.183508
0.626387, 0.183508
0.627443, 0.183508
0.628499, 0.183508
0.629554, 0.183508
0.630615, 0.183508
0.631670, 0.183508
0.632725, 0.183508
0.633780, 0.183508
0.634836, 0.183508
0.635891, 0.183508
0.636947, 0.183508
0.638002, 0.183508
0.639058, 0.183508
0.640113, 0.183508
0.641168, 0.183508
0.642223, 0.183508
0.643279, 0.183508
0.644334, 0.183508
0.645390, 0.183508
0.646445, 0.183508
0.647500, 0.183508
0.648556, 0.183508
0.649611, 0.183508
0.650667, 0.183508
0.651723, 0.183508
0.652782, 0.183508
0.653837, 0.183508
0.654892, 0.183508
0.655948, 0.183508
0.657008, 0.183508
0.658064, 0.183508
0.659119, 0.183508
0.660175, 0.183508
0.661231, 0.183508
0.662290, 0.183508
0.663347, 0.183508
0.664402, 0.183508
0.665457, 0.183508
0.666512, 0.183508
0.667568, 0.183508
0.668623, 0.183508
0.669678, 0.183508
0.670734, 0.183508
0.671790, 0.183508
0.672850, 0.183508
0.673906, 0.183508
0.674962, 0.183508
0.676017, 0.183508
0.677072, 0.183508
0.678128, 0.183508
0.679183, 0.183508
0.680239, 0.183508
0.681294, 0.183508
0.682349, 0.183508
0.683433, 0.183508
0.684489, 0.183508
0.685543, 0.183508
0.686597, 0.183508
0.687652, 0.183508
0.688708, 0.183508
0.689763, 0.183508
0.690817, 0.183508
0.691872, 0.183508
0.692927, 0.183508
0.693982, 0.183508
0.695037, 0.183508
0.696092, 0.183508
0.697147, 0.183508
0.698202, 0.183508
0.699257, 0.183508
0.700312, 0.183508
0.701367, 0.183508
0.702422, 0.183508
0.703477, 0.183508
0.704532, 0.183508
0.705587, 0.183508
0.706647, 0.183508
0.707706, 0.183508
0.708760, 0.183508
0.709815, 0.183508
0.710869, 0.183508
0.711924, 0.183508
0.712978, 0.183508
0.714033, 0.183508
0.715087, 0.183508
0.716142, 0.183508
0.717196, 0.183508
0.718250, 0.183508
0.719305, 0.183508
0.720359, 0.183508
0.721413, 0.183508
0.722468, 0.183508
0.723522, 0.183508
0.724579, 0.183508
0.725634, 0.183508
0.726688, 0.183508
0.727743, 0.183508
0.728797, 0.183508
0.729852, 0.183508
0.730906, 0.183508
0.731961, 0.183508
0.733015, 0.183508
0.734069, 0.183508
0.735124, 0.183508
0.736179, 0.183508
0.737233, 0.183508
0.738288, 0.183508
0.739342, 0.183508
0.740397, 0.183508
0.741456, 0.183508
0.742510, 0.183508
0.743565, 0.183508
0.744619, 0.183508
0.745673, 0.183508
0.746729, 0.183508
0.747783, 0.183508
0.748841, 0.183508
0.749896, 0.183508
0.750950, 0.183508
0.752005, 0.183508
0.753062, 0.183508
0.754117, 0.183508
0.755171, 0.183508
0.756226, 0.183508
0.757280, 0.183508
0.758335, 0.183508
0.759389, 0.183508
0.760443, 0.183508
0.761498, 0.183508
0.762556, 0.183508
0.763610, 0.183508
0.764668, 0.183508
0.765722, 0.183508
0.766776, 0.183508
0.767832, 0.183508
0.768890, 0.183508
0.769944, 0.183508
0.770998, 0.183508
0.772053, 0.183508
0.773107, 0.183508
0.774162, 0.183508
0.775216, 0.183508
0.776270, 0.183508
0.777325, 0.183508
0.778380, 0.183508
0.779435, 0.183508
0.780490, 0.183508
0.781544, 0.183508
0.782599, 0.183508
0.783653, 0.183508
0.784709, 0.183508
0.785768, 0.183508
0.786823, 0.183508
0.787878, 0.183508
0.788933, 0.183508
0.789987, 0.183508
0.791041, 0.183508
0.792099, 0.183508
0.793153, 0.183508
0.794207, 0.183508
0.795262, 0.183508
0.796316, 0.183508
0.797371, 0.183508
0.798426, 0.183508
0.799481, 0.183508
0.800536, 0.183508
0.801591, 0.183508
0.802645, 0.183508
0.803699, 0.183508
0.804753, 0.183508
0.805808, 0.183508
0.806862, 0.183508
0.807917, 0.183508
0.808972, 0.183508
0.810026, 0.183508
0.811081, 0.183508
0.812135, 0.183508
0.813190, 0.183508
0.814244, 0.183508
0.815299, 0.183508
0.816353, 0.183508
0.817408, 0.183508
0.818462, 0.183508
0.819517, 0.183508
0.820573, 0.183508
0.821627, 0.183508
0.822681, 0.183508
0.823735, 0.183508
0.824790, 0.183508
0.825844, 0.183508
0.826899, 0.183508
0.827957, 0.183508
0.829013, 0.183508
0.830068, 0.183508
0.831124, 0.183508
0.832180, 0.183508
0.833235, 0.183508
0.834291, 0.183508
0.835346, 0.183508
0.836401, 0.183508
0.837456, 0.183508
0.838512, 0.183508
0.839567, 0.183508
0.840622, 0.183508
0.841678, 0.183508
0.842733, 0.183508
0.843789, 0.183508
0.844848, 0.183508
0.845904, 0.183508
0.846959, 0.183508
0.000000, 0.476784
0.001101, 0.476683
0.002162, 0.476280
0.003220, 0.475573
0.004276, 0.474766
0.005336, 0.473858
0.006418, 0.472547
0.007501, 0.471235
0.008563, 0.469924
0.009637, 0.468209
0.010695, 0.465989
0.011760, 0.463366
0.012824, 0.460844
0.013884, 0.458423
0.014947, 0.455901
0.016005, 0.453782
0.017062, 0.451563
0.018119, 0.449141
0.019176, 0.446720
0.020232, 0.444198
0.021291, 0.442079
0.022352, 0.439557
0.023408, 0.437035
0.024465, 0.434513
0.025526, 0.432293
0.026587, 0.429771
0.027674, 0.427552
0.028733, 0.425130
0.029805, 0.422507
0.030863, 0.420187
0.031922, 0.417766
0.032977, 0.415344
0.034033, 0.412923
0.035088, 0.410603
0.036143, 0.408081
0.037198, 0.405659
0.038277, 0.402532
0.039358, 0.399707
0.040439, 0.397185
0.041515, 0.394663
0.042597, 0.392040
0.043678, 0.389417
0.044755, 0.386592
0.045829, 0.383767
0.046908, 0.380942
0.047989, 0.378420
0.049069, 0.375999
0.050152, 0.373578
0.051233, 0.370753
0.052315, 0.368432
0.053398, 0.366213
0.054480, 0.363893
0.055562, 0.361875
0.056623, 0.359857
0.057713, 0.357638
0.058795, 0.355620
0.059876, 0.353602
0.060958, 0.351584
0.062041, 0.349365
0.063123, 0.347549
0.064205, 0.345632
0.065287, 0.343614
0.066369, 0.341698
0.067452, 0.339579
0.068514, 0.337460
0.069596, 0.335140
0.070677, 0.332820
0.071759, 0.330802
0.072839, 0.328683
0.073921, 0.326666
0.075001, 0.324446
0.076082, 0.322227
0.077163, 0.320007
0.078244, 0.317687
0.079325, 0.315366
0.080406, 0.313248
0.081465, 0.311129
0.082528, 0.309111
0.083586, 0.306993
0.084655, 0.305177
0.085713, 0.303159
0.086769, 0.301040
0.087826, 0.299124
0.088882, 0.297308
0.089940, 0.295593
0.090998, 0.293878
0.092056, 0.292364
0.093113, 0.290649
0.094170, 0.289035
0.095227, 0.287320
0.096285, 0.285504
0.097345, 0.283789
0.098410, 0.282175
0.099466, 0.280561
0.100523, 0.278946
0.101580, 0.277534
0.102639, 0.275819
0.103698, 0.274003
0.104756, 0.272288
0.105814, 0.270674
0.106873, 0.269160
0.107931, 0.267345
0.108993, 0.265730
0.110051, 0.264217
0.111107, 0.262401
0.112162, 0.260585
0.113219, 0.258769
0.114276, 0.256953
0.115332, 0.255440
0.116388, 0.253624
0.117444, 0.251909
0.118501, 0.250396
0.119560, 0.248882
0.120618, 0.247369
0.121675, 0.245856
0.122731, 0.244544
0.123787, 0.243031
0.124842, 0.241619
0.125899, 0.240206
0.126954, 0.238794
0.128010, 0.237583
0.129065, 0.236171
0.130121, 0.234960
0.131177, 0.233749
0.132233, 0.232438
0.133289, 0.231328
0.134345, 0.230218
0.135401, 0.228907
0.136457, 0.227595
0.137512, 0.226385
0.138568, 0.225275
0.139623, 0.224064
0.140679, 0.222753
0.141736, 0.221441
0.142791, 0.220130
0.143846, 0.218818
0.144902, 0.217709
0.145957, 0.216498
0.147012, 0.215186
0.148066, 0.213976
0.149122, 0.212765
0.150202, 0.211454
0.151284, 0.210344
0.152367, 0.209032
0.153449, 0.207923
0.154530, 0.206712
0.155612, 0.205602
0.156693, 0.204493
0.157775, 0.203383
0.158849, 0.202374
0.159929, 0.201466
0.161011, 0.200558
0.162093, 0.199549
0.163175, 0.198641
0.164257, 0.197834
0.165339, 0.196926
0.166420, 0.196018
0.167502, 0.195110
0.168583, 0.194404
0.169666, 0.193395
0.170747, 0.192588
0.171828, 0.191781
0.172909, 0.190873
0.173992, 0.190066
0.175074, 0.189158
0.176156, 0.188351
0.177238, 0.187443
0.178320, 0.186636
0.179401, 0.185829
0.180482, 0.185122
0.181564, 0.184315
0.182646, 0.183508
0.183727, 0.182802
0.184809, 0.182096
0.185891, 0.181289
0.186972, 0.180583
0.188054, 0.179876
0.189135, 0.179170
0.190217, 0.178464
0.191299, 0.177859
0.192380, 0.177253
0.193462, 0.176648
0.194545, 0.176043
0.195627, 0.175538
0.196708, 0.175034
0.197790, 0.174529
0.198873, 0.174025
0.199954, 0.173520
0.201035, 0.173016
0.202118, 0.172512
0.203196, 0.172108
0.204277, 0.171604
0.205359, 0.171200
0.206441, 0.170797
0.207522, 0.170393
0.208604, 0.169989
0.209686, 0.169586
0.210768, 0.169182
0.211845, 0.168880
0.212921, 0.168577
0.213994, 0.168174
0.215066, 0.167770
0.216137, 0.167467
0.217209, 0.167165
0.218264, 0.166761
0.219334, 0.166559
0.220406, 0.166257
0.221477, 0.166055
0.222556, 0.165752
0.223637, 0.165550
0.224718, 0.165349
0.225791, 0.165147
0.226870, 0.165046
0.227951, 0.164844
0.229032, 0.164743
0.230113, 0.164643
0.231205, 0.164643
0.232264, 0.164542
0.233322, 0.164441
0.234378, 0.164441
0.235436, 0.164441
0.236494, 0.164340
0.237552, 0.164340
0.238609, 0.164340
0.239666, 0.164340
0.240723, 0.164441
0.241780, 0.164441
0.242836, 0.164441
0.243894, 0.164441
0.244951, 0.164441
0.246011, 0.164441
0.247073, 0.164542
0.248133, 0.164542
0.249191, 0.164542
0.250249, 0.164643
0.251305, 0.164643
0.252363, 0.164743
0.253421, 0.164743
0.254478, 0.164844
0.255536, 0.164844
0.256592, 0.164945
0.257647, 0.165046
0.258703, 0.165147
0.259760, 0.165248
0.260817, 0.165349
0.261873, 0.165450
0.262931, 0.165651
0.263987, 0.165752
0.265042, 0.165954
0.266097, 0.166055
0.267153, 0.166156
0.268208, 0.166358
0.269265, 0.166559
0.270322, 0.166660
0.271379, 0.166761
0.272434, 0.166963
0.273489, 0.167064
0.274545, 0.167266
0.275600, 0.167366
0.276656, 0.167568
0.277711, 0.167669
0.278765, 0.167871
0.279820, 0.167972
0.280876, 0.168073
0.281932, 0.168274
0.282987, 0.168375
0.284042, 0.168476
0.285097, 0.168577
0.286152, 0.168779
0.287207, 0.168880
0.288262, 0.168981
0.289317, 0.169081
0.290372, 0.169182
0.291427, 0.169384
0.292482, 0.169485
0.293537, 0.169586
0.294592, 0.169788
0.295647, 0.169889
0.296702, 0.170090
0.297757, 0.170191
0.298812, 0.170393
0.299868, 0.170494
0.300923, 0.170595
0.301980, 0.170797
0.303035, 0.170897
0.304090, 0.171099
0.305145, 0.171200
0.306201, 0.171301
0.307256, 0.171402
0.308312, 0.171503
0.309367, 0.171705
0.310422, 0.171805
0.311478, 0.171906
0.312534, 0.172007
0.313589, 0.172108
0.314645, 0.172209
0.315700, 0.172310
0.316755, 0.172310
0.317811, 0.172411
0.318866, 0.172512
0.319921, 0.172613
0.320977, 0.172613
0.322032, 0.172713
0.323088, 0.172814
0.324144, 0.172814
0.325199, 0.172915
0.326254, 0.173016
0.327310, 0.173016
0.328365, 0.173117
0.329421, 0.173117
0.330476, 0.173218
0.331531, 0.173319
0.332587, 0.173319
0.333643, 0.173420
0.334699, 0.173420
0.335754, 0.173520
0.336810, 0.173520
0.337866, 0.173621
0.338921, 0.173621
0.339977, 0.173621
0.341032, 0.173621
0.342087, 0.173722
0.343142, 0.173722
0.344199, 0.173722
0.345254, 0.173722
0.346310, 0.173722
0.347365, 0.173722
0.348420, 0.173722
0.349475, 0.173722
0.350531, 0.173621
0.351587, 0.173621
0.352642, 0.173621
0.353697, 0.173621
0.354753, 0.173621
0.355808, 0.173621
0.356864, 0.173621
0.357919, 0.173621
0.358974, 0.173621
0.360030, 0.173621
0.361086, 0.173621
0.362142, 0.173621
0.363197, 0.173621
0.364252, 0.173621
0.365309, 0.173621
0.366365, 0.173621
0.367422, 0.173621
0.368477, 0.173621
0.369532, 0.173621
0.370587, 0.173621
0.371642, 0.173621
0.372698, 0.173621
0.373753, 0.173621
0.374808, 0.173621
0.375865, 0.173621
0.376920, 0.173621
0.377976, 0.173621
0.379032, 0.173520
0.380086, 0.173520
0.381141, 0.173520
0.382197, 0.173520
0.383253, 0.173520
0.384307, 0.173520
0.385362, 0.173520
0.386418, 0.173520
0.387474, 0.173520
0.388529, 0.173520
0.389585, 0.173520
0.390641, 0.173520
0.391695, 0.173520
0.392750, 0.173520
0.393807, 0.173520
0.394863, 0.173520
0.395918, 0.173520
0.396974, 0.173520
0.398030, 0.173520
0.399084, 0.173520
0.400139, 0.173520
0.401194, 0.173520
0.402250, 0.173520
0.403306, 0.173520
0.404361, 0.173520
0.405416, 0.173520
0.406472, 0.173520
0.407528, 0.173520
0.408583, 0.173520
0.409640, 0.173520
0.410695, 0.173520
0.411750, 0.173520
0.412805, 0.173520
0.413861, 0.173420
0.414916, 0.173420
0.415972, 0.173420
0.417027, 0.173420
0.418083, 0.173420
0.419139, 0.173420
0.420194, 0.173420
0.421250, 0.173420
0.422305, 0.173420
0.423360, 0.173520
0.424415, 0.173520
0.425471, 0.173520
0.426526, 0.173520
0.427581, 0.173520
0.428638, 0.173520
0.429694, 0.173520
0.430749, 0.173520
0.431804, 0.173520
0.432859, 0.173520
0.433915, 0.173520
0.434971, 0.173520
0.436026, 0.173520
0.437082, 0.173520
0.438137, 0.173520
0.439193, 0.173520
0.440249, 0.173520
0.441305, 0.173520
0.442361, 0.173520
0.443416, 0.173520
0.444472, 0.173520
0.445527, 0.173520
0.446582, 0.173520
0.447637, 0.173520
0.448692, 0.173520
0.449748, 0.173520
0.450805, 0.173520
0.451861, 0.173520
0.452916, 0.173520
0.453971, 0.173520
0.455027, 0.173520
0.456083, 0.173520
0.457139, 0.173520
0.458195, 0.173520
0.459313, 0.173520
0.460369, 0.173520
0.461426, 0.173520
0.462481, 0.173520
0.463537, 0.173520
0.464593, 0.173520
0.465649, 0.173520
0.466704, 0.173520
0.467759, 0.173520
0.468814, 0.173520
0.469870, 0.173520
0.470925, 0.173520
0.471981, 0.173520
0.473036, 0.173520
0.474092, 0.173520
0.475147, 0.173520
0.476203, 0.173520
0.477222, 0.173520
0.478277, 0.173520
0.479333, 0.173520
0.480389, 0.173520
0.481445, 0.173520
0.482500, 0.173520
0.483555, 0.173520
0.484610, 0.173520
0.485667, 0.173520
0.486722, 0.173520
0.487777, 0.173520
0.488832, 0.173520
0.489887, 0.173520
0.490943, 0.173520
0.491998, 0.173520
0.493053, 0.173520
0.494108, 0.173520
0.495163, 0.173520
0.496218, 0.173520
0.497274, 0.173520
0.498329, 0.173520
0.499384, 0.173520
0.500439, 0.173520
0.501494, 0.173520
0.502549, 0.173520
0.503606, 0.173520
0.504660, 0.173520
0.505716, 0.173520
0.506771, 0.173520
0.507827, 0.173520
0.508882, 0.173520
0.509938, 0.173520
0.510993, 0.173520
0.512048, 0.173520
0.513104, 0.173520
0.514160, 0.173520
0.515215, 0.173520
0.516269, 0.173520
0.517325, 0.173520
0.518381, 0.173520
0.519435, 0.173520
0.520490, 0.173520
0.521545, 0.173520
0.522601, 0.173520
0.523656, 0.173520
0.524712, 0.173520
0.525767, 0.173520
0.526822, 0.173520
0.527877, 0.173520
0.528932, 0.173520
0.529987, 0.173520
0.531043, 0.173520
0.532098, 0.173520
0.533153, 0.173520
0.534209, 0.173520
0.535265, 0.173520
0.536320, 0.173520
0.537375, 0.173520
0.538430, 0.173520
0.539485, 0.173520
0.540540, 0.173520
0.541595, 0.173520
0.542650, 0.173520
0.543704, 0.173520
0.544759, 0.173520
0.545816, 0.173520
0.546872, 0.173520
0.547927, 0.173520
0.548982, 0.173520
0.550037, 0.173520
0.551093, 0.173520
0.552148, 0.173520
0.553203, 0.173520
0.554258, 0.173520
0.555314, 0.173520
0.556370, 0.173520
0.557425, 0.173520
0.558480, 0.173520
0.559535, 0.173520
0.560590, 0.173520
0.561645, 0.173520
0.562701, 0.173520
0.563756, 0.173520
0.564812, 0.173520
0.565867, 0.173520
0.566923, 0.173520
0.567978, 0.173520
0.569034, 0.173520
0.570089, 0.173520
0.571145, 0.173520
0.572200, 0.173520
0.573223, 0.173520
0.574279, 0.173520
0.575334, 0.173520
0.576390, 0.173520
0.577445, 0.173520
0.578500, 0.173520
0.579555, 0.173520
0.580610, 0.173520
0.581665, 0.173520
0.582720, 0.173520
0.583776, 0.173520
0.584831, 0.173520
0.585886, 0.173520
0.586941, 0.173520
0.587996, 0.173520
0.589051, 0.173520
0.590106, 0.173520
0.591161, 0.173520
0.592216, 0.173520
0.593271, 0.173520
0.594327, 0.173520
0.595382, 0.173520
0.596437, 0.173520
0.597493, 0.173520
0.598548, 0.173520
0.599604, 0.173520
0.600659, 0.173520
0.601715, 0.173520
0.602770, 0.173520
0.603825, 0.173520
0.604881, 0.173520
0.605936, 0.173520
0.606991, 0.173520
0.608047, 0.173520
0.609104, 0.173520
0.610159, 0.173520
0.611214, 0.173520
0.612269, 0.173520
0.613325, 0.173520
0.614381, 0.173520
0.615437, 0.173520
0.616492, 0.173520
0.617548, 0.173520
0.618603, 0.173520
0.619659, 0.173520
0.620714, 0.173520
0.621770, 0.173520
0.622825, 0.173520
0.623880, 0.173520
0.624936, 0.173520
0.625991, 0.173520
0.627047, 0.173520
0.628102, 0.173520
0.629157, 0.173520
0.630213, 0.173520
0.631268, 0.173520
0.632323, 0.173520
0.633379, 0.173520
0.634434, 0.173520
0.635490, 0.173520
0.636546, 0.173520
0.637601, 0.173520
0.638657, 0.173520
0.639711, 0.173520
0.640768, 0.173520
0.641824, 0.173520
0.642879, 0.173520
0.643934, 0.173520
0.644989, 0.173520
0.646044, 0.173520
0.647101, 0.173520
0.648156, 0.173520
0.649211, 0.173520
0.650266, 0.173520
0.651323, 0.173520
0.652379, 0.173520
0.653435, 0.173520
0.654490, 0.173520
0.655548, 0.173520
0.656611, 0.173520
0.657670, 0.173520
0.658725, 0.173520
0.659780, 0.173520
0.660835, 0.173520
0.661891, 0.173520
0.662946, 0.173520
0.664002, 0.173520
0.665059, 0.173520
0.666114, 0.173520
0.667169, 0.173520
0.668224, 0.173520
0.669278, 0.173520
0.670333, 0.173520
0.671388, 0.173520
0.672443, 0.173520
0.673498, 0.173520
0.674553, 0.173520
0.675607, 0.173520
0.676663, 0.173520
0.677718, 0.173520
0.678773, 0.173520
0.679828, 0.173520
0.680883, 0.173520
0.681941, 0.173520
0.682997, 0.173520
0.684053, 0.173520
0.685108, 0.173520
0.686194, 0.173520
0.687250, 0.173520
0.688304, 0.173520
0.689362, 0.173520
0.690419, 0.173520
0.691475, 0.173520
0.692530, 0.173520
0.693585, 0.173520
0.694640, 0.173520
0.695695, 0.173520
0.696750, 0.173520
0.697806, 0.173520
0.698865, 0.173520
0.699924, 0.173520
0.700980, 0.173520
0.702037, 0.173520
0.703094, 0.173520
0.704151, 0.173520
0.705208, 0.173520
0.706265, 0.173520
0.707321, 0.173520
0.708377, 0.173520
0.709434, 0.173520
0.710491, 0.173520
0.711549, 0.173520
0.712606, 0.173520
0.713663, 0.173520
0.714719, 0.173520
0.715779, 0.173520
0.716834, 0.173520
0.717891, 0.173520
0.718947, 0.173520
0.720004, 0.173520
0.721060, 0.173520
0.722122, 0.173520
0.723180, 0.173520
0.724236, 0.173520
0.725292, 0.173520
0.726348, 0.173520
0.727404, 0.173520
0.728460, 0.173520
0.729517, 0.173520
0.730573, 0.173520
0.731628, 0.173520
0.732684, 0.173520
0.733740, 0.173520
0.734798, 0.173520
0.735855, 0.173520
0.736911, 0.173520
0.737966, 0.173520
0.739027, 0.173520
0.740082, 0.173520
0.741138, 0.173520
0.742195, 0.173520
0.743252, 0.173520
0.744308, 0.173520
0.745365, 0.173520
0.746422, 0.173520
0.747483, 0.173520
0.748539, 0.173520
0.749596, 0.173520
0.750652, 0.173520
0.751708, 0.173520
0.752765, 0.173520
0.753823, 0.173520
0.754879, 0.173520
0.755934, 0.173520
0.756991, 0.173520
0.758050, 0.173520
0.759107, 0.173520
0.760163, 0.173520
0.761220, 0.173520
0.762279, 0.173520
0.763334, 0.173520
0.764390, 0.173520
0.765447, 0.173520
0.766504, 0.173520
0.767562, 0.173520
0.768618, 0.173520
0.769675, 0.173520
0.770735, 0.173520
0.771790, 0.173520
0.772846, 0.173520
0.773903, 0.173520
0.774964, 0.173520
0.776019, 0.173520
0.777076, 0.173520
0.778134, 0.173520
0.779191, 0.173520
0.780247, 0.173520
0.781303, 0.173520
0.782360, 0.173520
0.783420, 0.173520
0.784476, 0.173520
0.785533, 0.173520
0.786590, 0.173520
0.787651, 0.173520
0.788708, 0.173520
0.789770, 0.173520
0.790826, 0.173520
0.791882, 0.173520
0.792942, 0.173520
0.793999, 0.173520
0.795055, 0.173520
0.796111, 0.173520
0.797167, 0.173520
0.798224, 0.173520
0.799282, 0.173520
0.800342, 0.173520
0.801402, 0.173520
0.802458, 0.173520
0.803514, 0.173520
0.804569, 0.173520
0.805630, 0.173520
0.806686, 0.173520
0.807743, 0.173520
0.808799, 0.173520
0.809857, 0.173520
0.810913, 0.173520
0.811970, 0.173520
0.813027, 0.173520
0.814083, 0.173520
0.815145, 0.173520
0.816201, 0.173520
0.817258, 0.173520
0.818317, 0.173520
0.819373, 0.173520
0.820430, 0.173520
0.821487, 0.173520
0.822547, 0.173520
0.823603, 0.173520
0.824660, 0.173520
0.825716, 0.173520
0.826773, 0.173520
0.827829, 0.173520
0.828885, 0.173520
0.829942, 0.173520
0.831004, 0.173520
0.832060, 0.173520
0.833117, 0.173520
0.834174, 0.173520
0.835234, 0.173520
0.836290, 0.173520
0.837347, 0.173520
0.838408, 0.173520
0.839465, 0.173520
0.840521, 0.173520
0.841579, 0.173520
0.842635, 0.173520
0.843694, 0.173520
0.844750, 0.173520
