0.000000, 0.478600
0.001077, 0.478600
0.002136, 0.478096
0.003194, 0.477288
0.004251, 0.476381
0.005307, 0.475473
0.006364, 0.474565
0.007420, 0.473354
0.008476, 0.471841
0.009532, 0.470226
0.010699, 0.468511
0.011760, 0.466292
0.012819, 0.463871
0.013876, 0.461348
0.014932, 0.458725
0.015989, 0.456809
0.017045, 0.454589
0.018101, 0.451966
0.019156, 0.448839
0.020212, 0.445913
0.021271, 0.443391
0.022330, 0.440667
0.023387, 0.437842
0.024442, 0.434815
0.025504, 0.431789
0.026566, 0.429166
0.027632, 0.426543
0.028693, 0.423718
0.029751, 0.420893
0.030809, 0.417867
0.031866, 0.414840
0.032922, 0.412419
0.033980, 0.410098
0.035036, 0.407576
0.036093, 0.404751
0.037149, 0.401826
0.038207, 0.399001
0.039265, 0.396378
0.040321, 0.393856
0.041379, 0.391031
0.042435, 0.388206
0.043492, 0.385482
0.044548, 0.382758
0.045613, 0.380438
0.046669, 0.377714
0.047726, 0.375091
0.048782, 0.372468
0.049839, 0.370047
0.050896, 0.367323
0.051953, 0.364599
0.053009, 0.361875
0.054066, 0.359655
0.055122, 0.357032
0.056179, 0.354308
0.057236, 0.351584
0.058293, 0.349062
0.059358, 0.346843
0.060415, 0.344422
0.061480, 0.341798
0.062537, 0.339075
0.063593, 0.336250
0.064649, 0.333627
0.065706, 0.331508
0.066762, 0.328885
0.067818, 0.326262
0.068883, 0.323639
0.069940, 0.321016
0.070996, 0.318393
0.072052, 0.316375
0.073109, 0.313853
0.074166, 0.311432
0.075222, 0.308809
0.076278, 0.306186
0.077343, 0.303865
0.078400, 0.301343
0.079457, 0.299023
0.080514, 0.296501
0.081580, 0.294180
0.082637, 0.291759
0.083693, 0.289237
0.084750, 0.286614
0.085807, 0.284495
0.086864, 0.282074
0.087921, 0.279754
0.088978, 0.277332
0.090035, 0.274810
0.091091, 0.272288
0.092148, 0.270068
0.093205, 0.267748
0.094262, 0.265226
0.095319, 0.262906
0.096379, 0.260585
0.097449, 0.258164
0.098510, 0.255844
0.099567, 0.253422
0.100624, 0.250698
0.101681, 0.248580
0.102738, 0.246259
0.103830, 0.244040
0.104890, 0.241619
0.105949, 0.239096
0.107006, 0.237079
0.108067, 0.234859
0.109701, 0.231833
0.110770, 0.228806
0.111832, 0.226587
0.112892, 0.224064
0.113949, 0.221744
0.115006, 0.219525
0.116064, 0.217204
0.117120, 0.215086
0.118179, 0.213068
0.119236, 0.210747
0.120291, 0.208427
0.121348, 0.206006
0.122406, 0.203786
0.123461, 0.201466
0.124522, 0.199549
0.125605, 0.197229
0.126666, 0.194807
0.127729, 0.192487
0.128786, 0.190167
0.129844, 0.187947
0.130901, 0.186030
0.131958, 0.183912
0.133014, 0.181995
0.134071, 0.179775
0.135127, 0.177556
0.136183, 0.175135
0.137240, 0.172915
0.138297, 0.170998
0.139355, 0.168779
0.140412, 0.166761
0.141470, 0.164542
0.142528, 0.162423
0.143585, 0.160204
0.144642, 0.158186
0.145699, 0.155966
0.146756, 0.153949
0.147813, 0.151830
0.148870, 0.149812
0.149927, 0.147694
0.150984, 0.145878
0.152040, 0.143658
0.153099, 0.141338
0.154156, 0.139320
0.155213, 0.137201
0.156269, 0.135184
0.157327, 0.133469
0.158383, 0.131350
0.159440, 0.129231
0.160497, 0.126911
0.161554, 0.124893
0.162611, 0.122876
0.163669, 0.121161
0.164726, 0.119244
0.165783, 0.117327
0.166840, 0.115208
0.167896, 0.113392
0.168953, 0.111274
0.170010, 0.109155
0.171067, 0.107238
0.172124, 0.105321
0.173181, 0.103506
0.174239, 0.101690
0.175296, 0.099672
0.176353, 0.097755
0.177410, 0.095737
0.178467, 0.093619
0.179524, 0.091702
0.180581, 0.090088
0.181638, 0.088171
0.182694, 0.086355
0.183751, 0.084438
0.184808, 0.082521
0.185866, 0.080604
0.186923, 0.078788
0.187980, 0.076872
0.189037, 0.075056
0.190094, 0.073240
0.191150, 0.071424
0.192207, 0.069709
0.193264, 0.067994
0.194321, 0.066178
0.195378, 0.064362
0.196436, 0.062445
0.197493, 0.060528
0.198550, 0.059015
0.199607, 0.057300
0.200663, 0.055484
0.201720, 0.053668
0.202777, 0.051852
0.203834, 0.050339
0.204891, 0.048523
0.205948, 0.046707
0.207006, 0.044790
0.208062, 0.043075
0.209119, 0.041662
0.210176, 0.039846
0.211234, 0.038232
0.212293, 0.036517
0.213349, 0.034802
0.214406, 0.033087
0.215462, 0.031271
0.216518, 0.029758
0.217576, 0.028043
0.218633, 0.026529
0.219689, 0.025016
0.220745, 0.023301
0.221802, 0.021889
0.222858, 0.020275
0.223915, 0.018660
0.224971, 0.016844
0.226029, 0.015129
0.227085, 0.013414
0.228143, 0.011800
0.229243, 0.010186
0.230302, 0.008975
0.231359, 0.007361
0.232416, 0.005848
0.233473, 0.004335
0.234530, 0.002821
0.235587, 0.001409
0.236643, -0.000205
0.237701, -0.001820
0.238759, -0.003434
0.239816, -0.004947
0.240873, -0.006359
0.241930, -0.007671
0.242986, -0.009184
0.244043, -0.010597
0.245100, -0.012110
0.246157, -0.013522
0.247214, -0.014935
0.248270, -0.016347
0.249329, -0.017961
0.250385, -0.019475
0.251442, -0.020988
0.252499, -0.022400
0.253556, -0.023611
0.254613, -0.025124
0.255669, -0.026436
0.256726, -0.027747
0.257783, -0.029160
0.258840, -0.030471
0.259898, -0.031581
0.260955, -0.033094
0.262012, -0.034507
0.263068, -0.035919
0.264125, -0.037231
0.265182, -0.038643
0.266239, -0.039753
0.267296, -0.041266
0.268352, -0.042578
0.269409, -0.043889
0.270467, -0.045100
0.271523, -0.046411
0.272580, -0.047824
0.273637, -0.049135
0.274694, -0.050548
0.275751, -0.051859
0.276808, -0.053171
0.277864, -0.054179
0.278921, -0.055390
0.279978, -0.056702
0.281036, -0.057912
0.282093, -0.059123
0.283149, -0.060233
0.284206, -0.061443
0.285263, -0.062755
0.286320, -0.064066
0.287377, -0.065378
0.288433, -0.066689
0.289490, -0.067799
0.290547, -0.069111
0.291604, -0.070220
0.292661, -0.071330
0.293718, -0.072541
0.294775, -0.073751
0.295832, -0.074760
0.296889, -0.075870
0.297946, -0.077081
0.299002, -0.078190
0.300059, -0.079502
0.301116, -0.080612
0.302174, -0.081620
0.303231, -0.082831
0.304287, -0.084042
0.305344, -0.085151
0.306401, -0.086160
0.307458, -0.087169
0.308515, -0.088178
0.309572, -0.089389
0.310628, -0.090398
0.311685, -0.091406
0.312743, -0.092314
0.313800, -0.093424
0.314857, -0.094534
0.315913, -0.095644
0.316970, -0.096652
0.318027, -0.097762
0.319084, -0.098771
0.320141, -0.099881
0.321198, -0.100890
0.322254, -0.101899
0.323312, -0.102807
0.324368, -0.103714
0.325425, -0.104622
0.326482, -0.105631
0.327539, -0.106539
0.328596, -0.107548
0.329653, -0.108456
0.330710, -0.109465
0.331766, -0.110272
0.332823, -0.111281
0.333881, -0.112189
0.334937, -0.113198
0.335994, -0.114106
0.337051, -0.115014
0.338107, -0.115922
0.339164, -0.116931
0.340221, -0.117839
0.341278, -0.118747
0.342335, -0.119453
0.343392, -0.120361
0.344449, -0.121269
0.345507, -0.122177
0.346563, -0.122984
0.347620, -0.123791
0.348677, -0.124497
0.349734, -0.125405
0.350791, -0.126212
0.351847, -0.127120
0.352904, -0.127927
0.353961, -0.128734
0.355019, -0.129541
0.356076, -0.130348
0.357133, -0.131256
0.358190, -0.132063
0.359246, -0.132871
0.360302, -0.133577
0.361359, -0.134283
0.362415, -0.134989
0.363472, -0.135695
0.364528, -0.136502
0.365585, -0.137209
0.366641, -0.138016
0.367698, -0.138621
0.368754, -0.139327
0.369810, -0.140033
0.370867, -0.140740
0.371923, -0.141446
0.372979, -0.142051
0.374035, -0.142757
0.375092, -0.143464
0.376148, -0.144170
0.377204, -0.144775
0.378261, -0.145380
0.379317, -0.146087
0.380373, -0.146793
0.381430, -0.147600
0.382487, -0.148306
0.383544, -0.148811
0.384600, -0.149517
0.385658, -0.150122
0.386715, -0.150727
0.387772, -0.151434
0.388829, -0.152039
0.389885, -0.152543
0.390942, -0.153149
0.391999, -0.153855
0.393056, -0.154359
0.394113, -0.154965
0.395169, -0.155469
0.396226, -0.155973
0.397284, -0.156478
0.398341, -0.156982
0.399397, -0.157588
0.400453, -0.158092
0.401509, -0.158597
0.402566, -0.159000
0.403623, -0.159404
0.404680, -0.159908
0.405737, -0.160412
0.406793, -0.160917
0.407850, -0.161320
0.408905, -0.161825
0.409962, -0.162329
0.411018, -0.162733
0.412074, -0.163136
0.413130, -0.163540
0.414187, -0.164044
0.415243, -0.164448
0.416299, -0.164851
0.417356, -0.165255
0.418414, -0.165659
0.419471, -0.166062
0.420527, -0.166365
0.421585, -0.166768
0.422641, -0.167071
0.423699, -0.167374
0.424755, -0.167676
0.425811, -0.167979
0.426868, -0.168382
0.427924, -0.168685
0.428980, -0.168988
0.430037, -0.169391
0.431093, -0.169593
0.432149, -0.169997
0.433205, -0.170299
0.434262, -0.170501
0.435318, -0.170804
0.436374, -0.171106
0.437430, -0.171308
0.438487, -0.171611
0.439543, -0.171813
0.440599, -0.172115
0.441656, -0.172418
0.442713, -0.172620
0.443770, -0.172821
0.444827, -0.173023
0.445909, -0.173326
0.446967, -0.173528
0.448023, -0.173729
0.449081, -0.173931
0.450138, -0.174133
0.451195, -0.174335
0.452252, -0.174436
0.453309, -0.174637
0.454365, -0.174839
0.455422, -0.175041
0.456479, -0.175142
0.457536, -0.175344
0.458593, -0.175545
0.459650, -0.175747
0.460707, -0.175848
0.461764, -0.176050
0.462821, -0.176151
0.463878, -0.176252
0.464935, -0.176352
0.465992, -0.176453
0.467049, -0.176554
0.468105, -0.176655
0.469162, -0.176756
0.470219, -0.176857
0.471277, -0.176857
0.472334, -0.176958
0.473391, -0.176958
0.474448, -0.177059
0.475504, -0.177059
0.476561, -0.177160
0.477618, -0.177160
0.478675, -0.177160
0.479731, -0.177160
0.480788, -0.177160
0.481851, -0.177160
0.482907, -0.177260
0.483964, -0.177260
0.485021, -0.177160
0.486078, -0.177160
0.487135, -0.177160
0.488191, -0.177160
0.489248, -0.177160
0.490305, -0.177160
0.491362, -0.177059
0.492419, -0.177059
0.493476, -0.177059
0.494533, -0.176958
0.495589, -0.176958
0.496646, -0.176958
0.497703, -0.176857
0.498760, -0.176857
0.499816, -0.176857
0.500873, -0.176756
0.501930, -0.176756
0.502988, -0.176655
0.504047, -0.176655
0.505105, -0.176554
0.506163, -0.176554
0.507220, -0.176554
0.508277, -0.176453
0.509334, -0.176453
0.510391, -0.176453
0.511447, -0.176352
0.512504, -0.176352
0.513561, -0.176252
0.514619, -0.176252
0.515675, -0.176252
0.516732, -0.176151
0.517789, -0.176151
0.518846, -0.176050
0.519903, -0.176050
0.520960, -0.176050
0.522017, -0.175949
0.523073, -0.175949
0.524130, -0.175949
0.525188, -0.175848
0.526245, -0.175848
0.527302, -0.175848
0.528358, -0.175848
0.529415, -0.175747
0.530472, -0.175747
0.531529, -0.175747
0.532585, -0.175747
0.533642, -0.175747
0.534699, -0.175646
0.535756, -0.175646
0.536813, -0.175646
0.537870, -0.175646
0.538926, -0.175646
0.539983, -0.175646
0.541040, -0.175545
0.542097, -0.175545
0.543154, -0.175545
0.544210, -0.175545
0.545267, -0.175545
0.546325, -0.175545
0.547382, -0.175545
0.548439, -0.175545
0.549496, -0.175545
0.550552, -0.175545
0.551609, -0.175545
0.552666, -0.175545
0.553723, -0.175545
0.554779, -0.175545
0.555836, -0.175545
0.556893, -0.175545
0.557950, -0.175545
0.559007, -0.175545
0.560064, -0.175545
0.561121, -0.175545
0.562178, -0.175545
0.563234, -0.175545
0.564291, -0.175545
0.565348, -0.175545
0.566405, -0.175545
0.567462, -0.175545
0.568519, -0.175545
0.569576, -0.175545
0.570633, -0.175545
0.571690, -0.175545
0.572746, -0.175545
0.573803, -0.175545
0.574860, -0.175545
0.575917, -0.175545
0.576974, -0.175545
0.578032, -0.175545
0.579088, -0.175545
0.580145, -0.175545
0.581202, -0.175545
0.582259, -0.175545
0.583315, -0.175545
0.584372, -0.175545
0.585429, -0.175545
0.586486, -0.175545
0.587542, -0.175545
0.588600, -0.175545
0.589657, -0.175545
0.590714, -0.175545
0.591770, -0.175545
0.592827, -0.175545
0.593884, -0.175545
0.594941, -0.175545
0.595998, -0.175545
0.597054, -0.175545
0.598111, -0.175545
0.599169, -0.175545
0.600226, -0.175545
0.601283, -0.175545
0.602339, -0.175545
0.603396, -0.175545
0.604453, -0.175545
0.605510, -0.175545
0.606567, -0.175545
0.607623, -0.175545
0.608680, -0.175545
0.609738, -0.175545
0.610795, -0.175545
0.611852, -0.175545
0.612909, -0.175545
0.613966, -0.175545
0.615023, -0.175545
0.616079, -0.175545
0.617136, -0.175545
0.618193, -0.175545
0.619250, -0.175545
0.620307, -0.175545
0.621364, -0.175545
0.622421, -0.175545
0.623477, -0.175545
0.624534, -0.175545
0.625591, -0.175545
0.626648, -0.175545
0.627704, -0.175545
0.628761, -0.175545
0.629818, -0.175545
0.630875, -0.175545
0.631932, -0.175545
0.632988, -0.175545
0.634045, -0.175545
0.635102, -0.175545
0.636159, -0.175545
0.637216, -0.175545
0.638272, -0.175545
0.639329, -0.175545
0.640386, -0.175545
0.641443, -0.175545
0.642500, -0.175545
0.643557, -0.175545
0.644613, -0.175545
0.645670, -0.175545
0.646727, -0.175545
0.647784, -0.175545
0.648805, -0.175545
0.649862, -0.175545
0.650918, -0.175545
0.651975, -0.175545
0.653032, -0.175545
0.654089, -0.175545
0.655145, -0.175545
0.656201, -0.175545
0.657257, -0.175545
0.658314, -0.175545
0.659370, -0.175545
0.660426, -0.175545
0.661482, -0.175545
0.662562, -0.175545
0.663619, -0.175545
0.664675, -0.175545
0.665732, -0.175545
0.666788, -0.175545
0.667845, -0.175545
0.668901, -0.175545
0.669957, -0.175545
0.671013, -0.175545
0.672069, -0.175545
0.673125, -0.175545
0.674182, -0.175545
0.675238, -0.175545
0.676294, -0.175545
0.677351, -0.175545
0.678408, -0.175545
0.679465, -0.175545
0.680521, -0.175545
0.681578, -0.175545
0.682635, -0.175545
0.683692, -0.175545
0.684749, -0.175545
0.685806, -0.175545
0.686863, -0.175545
0.687919, -0.175545
0.688976, -0.175545
0.690033, -0.175545
0.691090, -0.175545
0.692146, -0.175545
0.693203, -0.175545
0.694261, -0.175545
0.695318, -0.175545
0.696379, -0.175545
0.697445, -0.175545
0.698514, -0.175545
0.699575, -0.175545
0.700632, -0.175545
0.701690, -0.175545
0.702747, -0.175545
0.703804, -0.175545
0.704867, -0.175545
0.705926, -0.175545
0.706984, -0.175545
0.708041, -0.175545
0.709098, -0.175545
0.710155, -0.175545
0.711212, -0.175545
0.712269, -0.175545
0.713326, -0.175545
0.714383, -0.175545
0.715440, -0.175545
0.716496, -0.175545
0.717553, -0.175545
0.718610, -0.175545
0.719667, -0.175545
0.720723, -0.175545
0.721780, -0.175545
0.722837, -0.175545
0.723894, -0.175545
0.724951, -0.175545
0.726008, -0.175545
0.727065, -0.175545
0.728122, -0.175545
0.729179, -0.175545
0.730235, -0.175545
0.731292, -0.175545
0.732349, -0.175545
0.733406, -0.175545
0.734463, -0.175545
0.735519, -0.175545
0.736577, -0.175545
0.737634, -0.175545
0.738691, -0.175545
0.739748, -0.175545
0.740804, -0.175545
0.741861, -0.175545
0.742918, -0.175545
0.743975, -0.175545
0.745031, -0.175545
0.746088, -0.175545
0.747145, -0.175545
0.748202, -0.175545
0.749259, -0.175545
0.750316, -0.175545
0.751372, -0.175545
0.752429, -0.175545
0.753486, -0.175545
0.754543, -0.175545
0.755601, -0.175545
0.756658, -0.175545
0.757716, -0.175545
0.758773, -0.175545
0.759829, -0.175545
0.760886, -0.175545
0.761943, -0.175545
0.763000, -0.175545
0.764057, -0.175545
0.765114, -0.175545
0.766171, -0.175545
0.767227, -0.175545
0.768285, -0.175545
0.769342, -0.175545
0.770399, -0.175545
0.771456, -0.175545
0.772512, -0.175545
0.773569, -0.175545
0.774626, -0.175545
0.775683, -0.175545
0.776739, -0.175545
0.777796, -0.175545
0.778853, -0.175545
0.779910, -0.175545
0.780967, -0.175545
0.782024, -0.175545
0.783080, -0.175545
0.784137, -0.175545
0.785194, -0.175545
0.786251, -0.175545
0.787307, -0.175545
0.788364, -0.175545
0.789422, -0.175545
0.790479, -0.175545
0.791536, -0.175545
0.792592, -0.175545
0.793649, -0.175545
0.794706, -0.175545
0.795763, -0.175545
0.796819, -0.175545
0.797876, -0.175545
0.798933, -0.175545
0.799991, -0.175545
0.801048, -0.175545
0.802104, -0.175545
0.803161, -0.175545
0.804218, -0.175545
0.805275, -0.175545
0.806331, -0.175545
0.807388, -0.175545
0.808445, -0.175545
0.809502, -0.175545
0.810559, -0.175545
0.811615, -0.175545
0.812672, -0.175545
0.813729, -0.175545
0.814786, -0.175545
0.815842, -0.175545
0.816899, -0.175545
0.817956, -0.175545
0.819013, -0.175545
0.820069, -0.175545
0.821127, -0.175545
0.822184, -0.175545
0.823241, -0.175545
0.824297, -0.175545
0.825354, -0.175545
0.826411, -0.175545
0.827468, -0.175545
0.828524, -0.175545
0.829581, -0.175545
0.830638, -0.175545
0.831696, -0.175545
0.832752, -0.175545
0.833809, -0.175545
0.834866, -0.175545
0.835923, -0.175545
0.836980, -0.175545
0.838038, -0.175545
0.839095, -0.175545
0.840152, -0.175545
0.841209, -0.175545
0.842266, -0.175545
0.843323, -0.175545
0.844379, -0.175545
0.845436, -0.175545
0.846493, -0.175545
0.847550, -0.175545
0.848606, -0.175545
0.849663, -0.175545
0.850720, -0.175545
0.851776, -0.175545
0.852834, -0.175545
0.853891, -0.175545
0.854947, -0.175545
0.856004, -0.175545
0.857061, -0.175545
0.858117, -0.175545
0.859174, -0.175545
0.860231, -0.175545
0.861288, -0.175545
0.862344, -0.175545
0.863401, -0.175545
0.864458, -0.175545
0.865515, -0.175545
0.866572, -0.175545
0.867628, -0.175545
0.868685, -0.175545
0.869742, -0.175545
0.870799, -0.175545
0.871855, -0.175545
0.872912, -0.175545
0.873970, -0.175545
0.875027, -0.175545
0.876083, -0.175545
0.877140, -0.175545
0.878197, -0.175545
0.879288, -0.175545
0.880344, -0.175545
0.881401, -0.175545
0.882458, -0.175545
0.883515, -0.175545
0.884572, -0.175545
0.885629, -0.175545
0.886685, -0.175545
0.887742, -0.175545
0.888799, -0.175545
0.889856, -0.175545
0.890912, -0.175545
0.891969, -0.175545
0.893026, -0.175545
0.894083, -0.175545
0.895141, -0.175545
0.896197, -0.175545
0.897254, -0.175545
0.898311, -0.175545
0.899368, -0.175545
0.900424, -0.175545
0.901481, -0.175545
0.902538, -0.175545
0.903595, -0.175545
0.904651, -0.175545
0.905709, -0.175545
0.906766, -0.175545
0.907822, -0.175545
0.908879, -0.175545
0.909936, -0.175545
0.910993, -0.175545
0.912049, -0.175545
0.913106, -0.175545
0.914163, -0.175545
0.915220, -0.175545
0.916277, -0.175545
0.917334, -0.175545
0.918391, -0.175545
0.919448, -0.175545
0.920504, -0.175545
0.921561, -0.175545
0.922618, -0.175545
0.923675, -0.175545
0.924731, -0.175545
0.925788, -0.175545
0.926845, -0.175545
0.927902, -0.175545
0.928959, -0.175545
0.930016, -0.175545
0.931072, -0.175545
0.932129, -0.175545
0.933186, -0.175545
0.934242, -0.175545
0.935299, -0.175545
0.936356, -0.175545
0.937413, -0.175545
0.938470, -0.175545
0.939526, -0.175545
0.940583, -0.175545
0.941640, -0.175545
0.942697, -0.175545
0.943753, -0.175545
0.944810, -0.175545
0.945867, -0.175545
0.946924, -0.175545
0.947981, -0.175545
0.949038, -0.175545
0.950095, -0.175545
0.951152, -0.175545
0.952208, -0.175545
0.953265, -0.175545
0.954322, -0.175545
0.955378, -0.175545
0.956435, -0.175545
0.957492, -0.175545
0.958549, -0.175545
0.959606, -0.175545
0.960663, -0.175545
0.961720, -0.175545
0.962776, -0.175545
0.963833, -0.175545
0.964890, -0.175545
0.965947, -0.175545
0.967003, -0.175545
0.968060, -0.175545
0.969118, -0.175545
0.970175, -0.175545
0.971231, -0.175545
0.972288, -0.175545
0.973345, -0.175545
0.974402, -0.175545
0.975458, -0.175545
0.976515, -0.175545
0.977572, -0.175545
0.978629, -0.175545
0.979687, -0.175545
0.980744, -0.175545
0.981801, -0.175545
0.982857, -0.175545
0.983914, -0.175545
0.984971, -0.175545
0.986028, -0.175545
0.987084, -0.175545
0.988141, -0.175545
0.989198, -0.175545
0.990255, -0.175545
0.991312, -0.175545
0.992369, -0.175545
0.993426, -0.175545
0.994482, -0.175545
0.995539, -0.175545
0.996596, -0.175545
0.997652, -0.175545
0.998709, -0.175545
0.999766, -0.175545
1.000823, -0.175545
1.001881, -0.175545
1.002937, -0.175545
1.003994, -0.175545
1.005052, -0.175545
1.006109, -0.175545
1.007166, -0.175545
1.008222, -0.175545
1.009279, -0.175545
1.010336, -0.175545
1.011393, -0.175545
1.012451, -0.175545
1.013508, -0.175545
1.014564, -0.175545
1.015621, -0.175545
1.016678, -0.175545
1.017735, -0.175545
1.018791, -0.175545
0.000000, 0.478096
0.001098, 0.478096
0.002180, 0.477591
0.003258, 0.476784
0.004340, 0.475876
0.005422, 0.474968
0.006485, 0.474060
0.007567, 0.472749
0.008649, 0.471235
0.009731, 0.469520
0.010877, 0.467603
0.011942, 0.465485
0.013004, 0.463064
0.014062, 0.460541
0.015136, 0.458322
0.016216, 0.455800
0.017298, 0.453479
0.018379, 0.450755
0.019463, 0.447628
0.020544, 0.444803
0.021626, 0.441978
0.022708, 0.439254
0.023790, 0.436329
0.024871, 0.433201
0.025934, 0.430679
0.026998, 0.427854
0.028062, 0.425231
0.029120, 0.422608
0.030175, 0.419481
0.031231, 0.416353
0.032286, 0.413629
0.033343, 0.411511
0.034402, 0.408888
0.035458, 0.406164
0.036513, 0.403339
0.037568, 0.400716
0.038624, 0.397992
0.039679, 0.395268
0.040733, 0.392544
0.041788, 0.389719
0.042860, 0.386895
0.043940, 0.384070
0.045022, 0.381749
0.046105, 0.379025
0.047188, 0.376402
0.048271, 0.373477
0.049333, 0.371257
0.050414, 0.368533
0.051495, 0.365910
0.052576, 0.363186
0.053657, 0.360563
0.054733, 0.357940
0.055815, 0.355216
0.056897, 0.352492
0.057978, 0.349869
0.059060, 0.347145
0.060140, 0.344926
0.061221, 0.342101
0.062302, 0.339680
0.063383, 0.336956
0.064465, 0.334232
0.065546, 0.331811
0.066606, 0.329289
0.067688, 0.326666
0.068772, 0.324043
0.069850, 0.321419
0.070927, 0.318897
0.072008, 0.316476
0.073070, 0.313954
0.074152, 0.311533
0.075233, 0.309010
0.076295, 0.306387
0.077376, 0.303764
0.078464, 0.301242
0.079546, 0.298821
0.080628, 0.296400
0.081709, 0.293878
0.082785, 0.291456
0.083866, 0.288934
0.084947, 0.286412
0.086029, 0.283991
0.087110, 0.281569
0.088197, 0.279249
0.089279, 0.276828
0.090361, 0.274306
0.091444, 0.271683
0.092505, 0.269261
0.093586, 0.267042
0.094661, 0.264621
0.095743, 0.262199
0.096824, 0.259778
0.097904, 0.257357
0.098980, 0.254835
0.100062, 0.252313
0.101143, 0.249891
0.102226, 0.247571
0.103307, 0.245250
0.104388, 0.243031
0.105462, 0.240610
0.106523, 0.238188
0.107604, 0.235969
0.108685, 0.233649
0.109766, 0.231429
0.110842, 0.229109
0.111924, 0.226486
0.113006, 0.224064
0.114087, 0.221643
0.115169, 0.219525
0.116251, 0.217204
0.117333, 0.214985
0.118415, 0.212765
0.119498, 0.210445
0.120580, 0.208024
0.121662, 0.205703
0.122744, 0.203484
0.123827, 0.201163
0.124909, 0.198944
0.125991, 0.196724
0.127074, 0.194303
0.128155, 0.191882
0.129237, 0.189662
0.130319, 0.187544
0.131402, 0.185526
0.132484, 0.183508
0.133565, 0.181390
0.134647, 0.179069
0.135729, 0.176850
0.136811, 0.174529
0.137894, 0.172310
0.138977, 0.170191
0.140059, 0.168073
0.141140, 0.165954
0.142222, 0.163835
0.143304, 0.161616
0.144386, 0.159396
0.145467, 0.157177
0.146550, 0.155058
0.147632, 0.152940
0.148714, 0.150922
0.149797, 0.148803
0.150879, 0.146786
0.151961, 0.144667
0.153044, 0.142347
0.154128, 0.140228
0.155210, 0.138210
0.156292, 0.136092
0.157375, 0.134175
0.158457, 0.132056
0.159539, 0.129938
0.160622, 0.127819
0.161703, 0.125600
0.162786, 0.123683
0.163868, 0.121766
0.164950, 0.119748
0.166032, 0.117932
0.167115, 0.115915
0.168198, 0.113897
0.169280, 0.111879
0.170362, 0.109660
0.171445, 0.107743
0.172527, 0.105826
0.173609, 0.103808
0.174691, 0.101992
0.175773, 0.100075
0.176850, 0.098058
0.177931, 0.096141
0.179005, 0.094022
0.180082, 0.092105
0.181143, 0.090289
0.182225, 0.088474
0.183302, 0.086557
0.184383, 0.084741
0.185465, 0.082824
0.186523, 0.080907
0.187604, 0.078889
0.188681, 0.076872
0.189762, 0.075056
0.190838, 0.073441
0.191919, 0.071525
0.193001, 0.069810
0.194081, 0.067994
0.195162, 0.066178
0.196243, 0.064362
0.197324, 0.062445
0.198405, 0.060629
0.199486, 0.058813
0.200568, 0.057199
0.201650, 0.055383
0.202724, 0.053668
0.203806, 0.051852
0.204887, 0.050137
0.205968, 0.048422
0.207050, 0.046505
0.208131, 0.044689
0.209212, 0.043075
0.210294, 0.041360
0.211375, 0.039645
0.212456, 0.038030
0.213537, 0.036315
0.214597, 0.034600
0.215679, 0.032885
0.216760, 0.031372
0.217841, 0.029657
0.218917, 0.027942
0.219982, 0.026429
0.221043, 0.025016
0.222105, 0.023301
0.223163, 0.021788
0.224221, 0.020174
0.225280, 0.018459
0.226339, 0.016744
0.227394, 0.015331
0.228449, 0.013515
0.229504, 0.011901
0.230558, 0.010388
0.231614, 0.008975
0.232704, 0.007361
0.233778, 0.006050
0.234853, 0.004637
0.235935, 0.003023
0.237016, 0.001510
0.238098, -0.000004
0.239181, -0.001618
0.240264, -0.003232
0.241346, -0.004745
0.242428, -0.006158
0.243511, -0.007570
0.244593, -0.009083
0.245675, -0.010395
0.246757, -0.011908
0.247839, -0.013321
0.248921, -0.014834
0.250002, -0.016246
0.251085, -0.017760
0.252167, -0.019374
0.253251, -0.020786
0.254333, -0.022199
0.255415, -0.023510
0.256498, -0.025023
0.257581, -0.026335
0.258663, -0.027545
0.259745, -0.029059
0.260828, -0.030269
0.261910, -0.031783
0.262992, -0.033195
0.264074, -0.034507
0.265157, -0.035919
0.266239, -0.037231
0.267322, -0.038643
0.268405, -0.039854
0.269487, -0.041266
0.270570, -0.042578
0.271652, -0.043889
0.272734, -0.045201
0.273816, -0.046512
0.274899, -0.047824
0.275981, -0.049135
0.277064, -0.050447
0.278146, -0.051758
0.279229, -0.052969
0.280311, -0.054179
0.281393, -0.055289
0.282475, -0.056601
0.283558, -0.057811
0.284639, -0.058921
0.285722, -0.060233
0.286795, -0.061443
0.287875, -0.062755
0.288956, -0.063965
0.290038, -0.065176
0.291114, -0.066387
0.292196, -0.067799
0.293272, -0.068909
0.294353, -0.070119
0.295435, -0.071128
0.296516, -0.072339
0.297598, -0.073550
0.298674, -0.074558
0.299756, -0.075668
0.300837, -0.076879
0.301918, -0.077989
0.302992, -0.078997
0.304073, -0.080309
0.305154, -0.081419
0.306235, -0.082528
0.307316, -0.083739
0.308397, -0.084748
0.309478, -0.085858
0.310537, -0.086867
0.311619, -0.087774
0.312700, -0.088884
0.313781, -0.089994
0.314858, -0.090801
0.315939, -0.091810
0.317020, -0.092819
0.318102, -0.094029
0.319184, -0.095139
0.320266, -0.096047
0.321348, -0.097056
0.322430, -0.098065
0.323515, -0.099175
0.324597, -0.100183
0.325679, -0.101192
0.326762, -0.102100
0.327845, -0.103008
0.328928, -0.104017
0.330010, -0.105026
0.331093, -0.105833
0.332175, -0.106842
0.333257, -0.107548
0.334339, -0.108557
0.335422, -0.109566
0.336504, -0.110373
0.337587, -0.111281
0.338669, -0.112189
0.339752, -0.113097
0.340814, -0.113904
0.341895, -0.114913
0.342969, -0.115720
0.344051, -0.116729
0.345132, -0.117637
0.346214, -0.118444
0.347296, -0.119150
0.348377, -0.119957
0.349457, -0.120865
0.350480, -0.121672
0.351563, -0.122378
0.352647, -0.123186
0.353728, -0.123993
0.354804, -0.124800
0.355886, -0.125607
0.356966, -0.126414
0.358048, -0.127120
0.359129, -0.127927
0.360210, -0.128734
0.361292, -0.129440
0.362373, -0.130248
0.363456, -0.131055
0.364538, -0.131862
0.365622, -0.132568
0.366705, -0.133274
0.367787, -0.133980
0.368869, -0.134687
0.369952, -0.135292
0.371035, -0.135897
0.372117, -0.136603
0.373199, -0.137310
0.374281, -0.138016
0.375364, -0.138621
0.376446, -0.139226
0.377528, -0.139832
0.378611, -0.140538
0.379693, -0.141143
0.380775, -0.141749
0.381858, -0.142354
0.382941, -0.142959
0.384024, -0.143564
0.385105, -0.144170
0.386187, -0.144775
0.387270, -0.145380
0.388353, -0.145986
0.389435, -0.146591
0.390498, -0.147297
0.391580, -0.147903
0.392665, -0.148508
0.393744, -0.149012
0.394819, -0.149618
0.395900, -0.150122
0.396981, -0.150627
0.398057, -0.151232
0.399139, -0.151736
0.400221, -0.152241
0.401302, -0.152745
0.402383, -0.153250
0.403465, -0.153754
0.404546, -0.154258
0.405627, -0.154662
0.406703, -0.155166
0.407785, -0.155570
0.408866, -0.155973
0.409948, -0.156377
0.411028, -0.156781
0.412110, -0.157285
0.413191, -0.157689
0.414272, -0.158092
0.415354, -0.158496
0.416435, -0.158798
0.417516, -0.159202
0.418575, -0.159504
0.419657, -0.159908
0.420740, -0.160312
0.421822, -0.160614
0.422905, -0.160917
0.423987, -0.161320
0.425069, -0.161623
0.426151, -0.161926
0.427234, -0.162329
0.428316, -0.162632
0.429398, -0.162935
0.430481, -0.163136
0.431563, -0.163439
0.432645, -0.163742
0.433727, -0.164044
0.434811, -0.164246
0.435893, -0.164549
0.436976, -0.164751
0.438058, -0.164952
0.439140, -0.165255
0.440222, -0.165457
0.441305, -0.165659
0.442388, -0.165860
0.443470, -0.166062
0.444552, -0.166264
0.445634, -0.166466
0.446717, -0.166667
0.447800, -0.166768
0.448881, -0.166970
0.449964, -0.167071
0.451047, -0.167172
0.452129, -0.167374
0.453210, -0.167474
0.454293, -0.167575
0.455349, -0.167676
0.456429, -0.167777
0.457511, -0.167878
0.458594, -0.167979
0.459676, -0.168080
0.460758, -0.168181
0.461840, -0.168282
0.462923, -0.168282
0.464001, -0.168382
0.465083, -0.168483
0.466164, -0.168483
0.467245, -0.168584
0.468327, -0.168584
0.469408, -0.168584
0.470477, -0.168685
0.471558, -0.168685
0.472640, -0.168685
0.473721, -0.168685
0.474796, -0.168786
0.475877, -0.168786
0.476958, -0.168786
0.478038, -0.168786
0.479120, -0.168685
0.480202, -0.168685
0.481283, -0.168685
0.482364, -0.168685
0.483445, -0.168685
0.484526, -0.168584
0.485607, -0.168584
0.486683, -0.168584
0.487765, -0.168483
0.488848, -0.168483
0.489929, -0.168483
0.491013, -0.168382
0.492095, -0.168382
0.493177, -0.168382
0.494259, -0.168282
0.495337, -0.168282
0.496418, -0.168282
0.497499, -0.168181
0.498558, -0.168181
0.499640, -0.168080
0.500722, -0.168080
0.501804, -0.168080
0.502880, -0.167979
0.503961, -0.167979
0.505042, -0.167979
0.506123, -0.167878
0.507204, -0.167878
0.508285, -0.167878
0.509366, -0.167777
0.510453, -0.167777
0.511535, -0.167777
0.512617, -0.167777
0.513698, -0.167676
0.514772, -0.167676
0.515854, -0.167676
0.516936, -0.167676
0.518017, -0.167575
0.519098, -0.167575
0.520179, -0.167575
0.521260, -0.167575
0.522341, -0.167474
0.523422, -0.167474
0.524503, -0.167474
0.525584, -0.167474
0.526661, -0.167474
0.527742, -0.167474
0.528823, -0.167374
0.529905, -0.167374
0.530981, -0.167374
0.532064, -0.167374
0.533146, -0.167374
0.534229, -0.167374
0.535311, -0.167374
0.536393, -0.167374
0.537475, -0.167374
0.538558, -0.167374
0.539641, -0.167374
0.540722, -0.167374
0.541804, -0.167374
0.542888, -0.167374
0.543970, -0.167273
0.545053, -0.167273
0.546136, -0.167273
0.547218, -0.167273
0.548301, -0.167273
0.549383, -0.167273
0.550465, -0.167273
0.551547, -0.167273
0.552630, -0.167273
0.553712, -0.167273
0.554794, -0.167273
0.555877, -0.167273
0.556958, -0.167273
0.558041, -0.167273
0.559124, -0.167374
0.560208, -0.167374
0.561290, -0.167374
0.562372, -0.167374
0.563455, -0.167374
0.564537, -0.167374
0.565619, -0.167374
0.566702, -0.167374
0.567784, -0.167374
0.568867, -0.167374
0.569949, -0.167374
0.571032, -0.167374
0.572114, -0.167374
0.573196, -0.167374
0.574278, -0.167374
0.575360, -0.167374
0.576442, -0.167374
0.577524, -0.167374
0.578586, -0.167374
0.579668, -0.167374
0.580750, -0.167374
0.581832, -0.167374
0.582915, -0.167374
0.583997, -0.167374
0.585079, -0.167374
0.586161, -0.167374
0.587244, -0.167374
0.588327, -0.167374
0.589409, -0.167374
0.590491, -0.167374
0.591573, -0.167374
0.592655, -0.167374
0.593738, -0.167374
0.594820, -0.167374
0.595902, -0.167374
0.596983, -0.167374
0.598065, -0.167374
0.599148, -0.167374
0.600225, -0.167374
0.601307, -0.167374
0.602387, -0.167374
0.603464, -0.167374
0.604545, -0.167374
0.605626, -0.167374
0.606701, -0.167374
0.607782, -0.167374
0.608864, -0.167374
0.609944, -0.167374
0.611017, -0.167374
0.612097, -0.167374
0.613179, -0.167374
0.614259, -0.167374
0.615341, -0.167374
0.616422, -0.167374
0.617503, -0.167374
0.618561, -0.167374
0.619642, -0.167374
0.620723, -0.167374
0.621803, -0.167374
0.622878, -0.167374
0.623959, -0.167374
0.625041, -0.167374
0.626122, -0.167374
0.627202, -0.167374
0.628282, -0.167374
0.629363, -0.167374
0.630444, -0.167374
0.631534, -0.167374
0.632614, -0.167374
0.633695, -0.167374
0.634770, -0.167374
0.635852, -0.167374
0.636934, -0.167374
0.638016, -0.167374
0.639098, -0.167374
0.640179, -0.167374
0.641261, -0.167374
0.642342, -0.167374
0.643424, -0.167374
0.644501, -0.167374
0.645582, -0.167374
0.646656, -0.167374
0.647737, -0.167374
0.648817, -0.167374
0.649898, -0.167374
0.650973, -0.167374
0.652054, -0.167374
0.653134, -0.167374
0.654216, -0.167374
0.655296, -0.167374
0.656378, -0.167374
0.657459, -0.167374
0.658476, -0.167374
0.659556, -0.167374
0.660638, -0.167374
0.661719, -0.167374
0.662792, -0.167374
0.663874, -0.167374
0.664954, -0.167374
0.666035, -0.167374
0.667116, -0.167374
0.668197, -0.167374
0.669278, -0.167374
0.670358, -0.167374
0.671440, -0.167374
0.672521, -0.167374
0.673603, -0.167374
0.674685, -0.167374
0.675788, -0.167374
0.676870, -0.167374
0.677951, -0.167374
0.679033, -0.167374
0.680115, -0.167374
0.681177, -0.167374
0.682258, -0.167374
0.683339, -0.167374
0.684420, -0.167374
0.685501, -0.167374
0.686561, -0.167374
0.687642, -0.167374
0.688723, -0.167374
0.689804, -0.167374
0.690877, -0.167374
0.691959, -0.167374
0.693040, -0.167374
0.694120, -0.167374
0.695202, -0.167374
0.696283, -0.167374
0.697363, -0.167374
0.698444, -0.167374
0.699530, -0.167374
0.700591, -0.167374
0.701673, -0.167374
0.702749, -0.167374
0.703830, -0.167374
0.704910, -0.167374
0.705991, -0.167374
0.707071, -0.167374
0.708152, -0.167374
0.709232, -0.167374
0.710313, -0.167374
0.711397, -0.167374
0.712479, -0.167374
0.713560, -0.167374
0.714636, -0.167374
0.715717, -0.167374
0.716798, -0.167374
0.717879, -0.167374
0.718955, -0.167374
0.720035, -0.167374
0.721116, -0.167374
0.722197, -0.167374
0.723277, -0.167374
0.724358, -0.167374
0.725438, -0.167374
0.726478, -0.167374
0.727560, -0.167374
0.728642, -0.167374
0.729724, -0.167374
0.730806, -0.167374
0.731887, -0.167374
0.732969, -0.167374
0.734051, -0.167374
0.735133, -0.167374
0.736214, -0.167374
0.737297, -0.167374
0.738379, -0.167374
0.739460, -0.167374
0.740542, -0.167374
0.741624, -0.167374
0.742706, -0.167374
0.743788, -0.167374
0.744869, -0.167374
0.745951, -0.167374
0.747032, -0.167374
0.748114, -0.167374
0.749195, -0.167374
0.750277, -0.167374
0.751359, -0.167374
0.752441, -0.167374
0.753523, -0.167374
0.754605, -0.167374
0.755686, -0.167374
0.756768, -0.167374
0.757849, -0.167374
0.758931, -0.167374
0.760013, -0.167374
0.761095, -0.167374
0.762176, -0.167374
0.763258, -0.167374
0.764339, -0.167374
0.765422, -0.167374
0.766504, -0.167374
0.767587, -0.167374
0.768668, -0.167374
0.769749, -0.167374
0.770832, -0.167374
0.771913, -0.167374
0.772995, -0.167374
0.774078, -0.167374
0.775155, -0.167374
0.776238, -0.167374
0.777319, -0.167374
0.778401, -0.167374
0.779483, -0.167374
0.780566, -0.167374
0.781648, -0.167374
0.782730, -0.167374
0.783812, -0.167374
0.784893, -0.167374
0.785975, -0.167374
0.787057, -0.167374
0.788138, -0.167374
0.789220, -0.167374
0.790301, -0.167374
0.791383, -0.167374
0.792465, -0.167374
0.793547, -0.167374
0.794629, -0.167374
0.795710, -0.167374
0.796792, -0.167374
0.797874, -0.167374
0.798956, -0.167374
0.800038, -0.167374
0.801119, -0.167374
0.802200, -0.167374
0.803283, -0.167374
0.804366, -0.167374
0.805447, -0.167374
0.806529, -0.167374
0.807611, -0.167374
0.808692, -0.167374
0.809775, -0.167374
0.810857, -0.167374
0.811939, -0.167374
0.813020, -0.167374
0.814102, -0.167374
0.815184, -0.167374
0.816266, -0.167374
0.817347, -0.167374
0.818429, -0.167374
0.819511, -0.167374
0.820594, -0.167374
0.821654, -0.167374
0.822717, -0.167374
0.823776, -0.167374
0.824856, -0.167374
0.825937, -0.167374
0.827011, -0.167374
0.828092, -0.167374
0.829174, -0.167374
0.830254, -0.167374
0.831335, -0.167374
0.832416, -0.167374
0.833491, -0.167374
0.834552, -0.167374
0.835633, -0.167374
0.836715, -0.167374
0.837796, -0.167374
0.838869, -0.167374
0.839949, -0.167374
0.841030, -0.167374
0.842111, -0.167374
0.843193, -0.167374
0.844275, -0.167374
0.845357, -0.167374
0.846439, -0.167374
0.847521, -0.167374
0.848604, -0.167374
0.849683, -0.167374
0.850766, -0.167374
0.851849, -0.167374
0.852931, -0.167374
0.854014, -0.167374
0.855097, -0.167374
0.856180, -0.167374
0.857263, -0.167374
0.858345, -0.167374
0.859427, -0.167374
0.860509, -0.167374
0.861591, -0.167374
0.862674, -0.167374
0.863755, -0.167374
0.864837, -0.167374
0.865919, -0.167374
0.867001, -0.167374
0.868085, -0.167374
0.869166, -0.167374
0.870248, -0.167374
0.871331, -0.167374
0.872414, -0.167374
0.873496, -0.167374
0.874578, -0.167374
0.875660, -0.167374
0.876742, -0.167374
0.877824, -0.167374
0.878907, -0.167374
0.879989, -0.167374
0.881071, -0.167374
0.882153, -0.167374
0.883235, -0.167374
0.884317, -0.167374
0.885399, -0.167374
0.886481, -0.167374
0.887563, -0.167374
0.888645, -0.167374
0.889727, -0.167374
0.890812, -0.167374
0.891894, -0.167374
0.892976, -0.167374
0.894059, -0.167374
0.895142, -0.167374
0.896224, -0.167374
0.897342, -0.167374
0.898425, -0.167374
0.899507, -0.167374
0.900589, -0.167374
0.901670, -0.167374
0.902752, -0.167374
0.903834, -0.167374
0.904916, -0.167374
0.905998, -0.167374
0.907060, -0.167374
0.908141, -0.167374
0.909222, -0.167374
0.910303, -0.167374
0.911384, -0.167374
0.912465, -0.167374
0.913545, -0.167374
0.914604, -0.167374
0.915685, -0.167374
0.916766, -0.167374
0.917846, -0.167374
0.918920, -0.167374
0.920001, -0.167374
0.921082, -0.167374
0.922163, -0.167374
0.923244, -0.167374
0.924325, -0.167374
0.925406, -0.167374
0.926479, -0.167374
0.927561, -0.167374
0.928642, -0.167374
0.929724, -0.167374
0.930805, -0.167374
0.931887, -0.167374
0.932969, -0.167374
0.934051, -0.167374
0.935133, -0.167374
0.936214, -0.167374
0.937296, -0.167374
0.938377, -0.167374
0.939459, -0.167374
0.940540, -0.167374
0.941621, -0.167374
0.942703, -0.167374
0.943785, -0.167374
0.944867, -0.167374
0.945948, -0.167374
0.947031, -0.167374
0.948112, -0.167374
0.949193, -0.167374
0.950275, -0.167374
0.951357, -0.167374
0.952439, -0.167374
0.953520, -0.167374
0.954602, -0.167374
0.955684, -0.167374
0.956766, -0.167374
0.957847, -0.167374
0.958929, -0.167374
0.960011, -0.167374
0.961092, -0.167374
0.962174, -0.167374
0.963256, -0.167374
0.964338, -0.167374
0.965420, -0.167374
0.966502, -0.167374
0.967584, -0.167374
0.968666, -0.167374
0.969747, -0.167374
0.970829, -0.167374
0.971911, -0.167374
0.972992, -0.167374
0.974073, -0.167374
0.975155, -0.167374
0.976237, -0.167374
0.977318, -0.167374
0.978401, -0.167374
0.979483, -0.167374
0.980564, -0.167374
0.981646, -0.167374
0.982727, -0.167374
0.983809, -0.167374
0.984892, -0.167374
0.985974, -0.167374
0.987058, -0.167374
0.988139, -0.167374
0.989221, -0.167374
0.990302, -0.167374
0.991384, -0.167374
0.992466, -0.167374
0.993547, -0.167374
0.994630, -0.167374
0.995711, -0.167374
0.996789, -0.167374
0.997871, -0.167374
0.998953, -0.167374
1.000014, -0.167374
1.001098, -0.167374
1.002180, -0.167374
1.003262, -0.167374
1.004343, -0.167374
1.005425, -0.167374
1.006509, -0.167374
1.007566, -0.167374
1.008621, -0.167374
1.009699, -0.167374
1.010781, -0.167374
1.011863, -0.167374
1.012944, -0.167374
1.014025, -0.167374
1.015108, -0.167374
1.016190, -0.167374
1.017272, -0.167374
1.018353, -0.167374
1.019434, -0.167374
1.020516, -0.167374
1.021597, -0.167374
1.022679, -0.167374
0.000000, 0.478096
0.001071, 0.477995
0.002126, 0.477490
0.003181, 0.476784
0.004237, 0.475876
0.005292, 0.475069
0.006347, 0.474060
0.007402, 0.472849
0.008457, 0.471538
0.009513, 0.469924
0.010572, 0.468108
0.011636, 0.466191
0.012698, 0.463871
0.013756, 0.461449
0.014813, 0.458826
0.015871, 0.456607
0.016929, 0.454286
0.017986, 0.451663
0.019042, 0.449040
0.020099, 0.446014
0.021155, 0.443189
0.022212, 0.440566
0.023270, 0.437640
0.024327, 0.434614
0.025384, 0.431991
0.026443, 0.429267
0.027505, 0.426644
0.028566, 0.423920
0.029623, 0.420792
0.030679, 0.417665
0.031736, 0.415042
0.032793, 0.412520
0.033850, 0.409997
0.034907, 0.407374
0.035963, 0.404953
0.037021, 0.402027
0.038077, 0.399203
0.039134, 0.396580
0.040190, 0.393755
0.041247, 0.390829
0.042303, 0.388408
0.043360, 0.385684
0.044417, 0.382960
0.045473, 0.380337
0.046529, 0.377613
0.047586, 0.374990
0.048642, 0.372770
0.049698, 0.370147
0.050754, 0.367424
0.051810, 0.364800
0.052866, 0.362077
0.053922, 0.359454
0.054980, 0.357133
0.056036, 0.354409
0.057092, 0.351786
0.058148, 0.349163
0.059205, 0.346641
0.060262, 0.344220
0.061319, 0.342000
0.062376, 0.339276
0.063433, 0.336452
0.064490, 0.333828
0.065548, 0.331407
0.066604, 0.328986
0.067661, 0.326464
0.068717, 0.323841
0.069774, 0.321218
0.070832, 0.318595
0.071889, 0.316577
0.072946, 0.314055
0.074002, 0.311634
0.075059, 0.309010
0.076116, 0.306387
0.077173, 0.304067
0.078230, 0.301545
0.079287, 0.299325
0.080343, 0.296803
0.081400, 0.294281
0.082456, 0.291860
0.083514, 0.289338
0.084571, 0.287118
0.085627, 0.284697
0.086685, 0.282276
0.087742, 0.279955
0.088799, 0.277534
0.089856, 0.275012
0.090913, 0.272792
0.091969, 0.270270
0.093026, 0.267950
0.094082, 0.265428
0.095139, 0.263107
0.096196, 0.261090
0.097253, 0.258668
0.098310, 0.256045
0.099366, 0.253624
0.100423, 0.251102
0.101480, 0.248882
0.102537, 0.246663
0.103593, 0.244343
0.104650, 0.242022
0.105706, 0.239601
0.106763, 0.237180
0.107822, 0.235364
0.108878, 0.233043
0.109934, 0.230723
0.110992, 0.228302
0.112049, 0.225779
0.113105, 0.223560
0.114162, 0.221240
0.115219, 0.219121
0.116275, 0.216801
0.117332, 0.214682
0.118389, 0.212362
0.119446, 0.210344
0.120503, 0.207923
0.121560, 0.205602
0.122617, 0.203383
0.123674, 0.201062
0.124732, 0.198843
0.125789, 0.196825
0.126861, 0.194404
0.127918, 0.192084
0.128975, 0.189763
0.130033, 0.187645
0.131091, 0.185627
0.132149, 0.183811
0.133206, 0.181591
0.134263, 0.179372
0.135320, 0.177455
0.136376, 0.174933
0.137433, 0.172713
0.138491, 0.170595
0.139549, 0.168476
0.140605, 0.166358
0.141662, 0.164542
0.142719, 0.162322
0.143776, 0.160103
0.144832, 0.157782
0.145889, 0.155664
0.146947, 0.153949
0.148004, 0.151830
0.149061, 0.149812
0.150119, 0.147694
0.151176, 0.145575
0.152234, 0.143658
0.153291, 0.141237
0.154348, 0.139219
0.155405, 0.137101
0.156463, 0.135386
0.157537, 0.133368
0.158595, 0.131249
0.159652, 0.129131
0.160709, 0.126911
0.161766, 0.124792
0.162823, 0.122876
0.163880, 0.120959
0.164936, 0.119244
0.165993, 0.117327
0.167050, 0.115309
0.168107, 0.113291
0.169165, 0.111173
0.170222, 0.109256
0.171279, 0.107339
0.172336, 0.105422
0.173393, 0.103405
0.174451, 0.101589
0.175508, 0.099773
0.176566, 0.097856
0.177623, 0.095838
0.178680, 0.093820
0.179737, 0.091904
0.180794, 0.090088
0.181868, 0.088373
0.182926, 0.086557
0.183997, 0.084741
0.185054, 0.082824
0.186112, 0.080806
0.187169, 0.078990
0.188227, 0.076972
0.189284, 0.075157
0.190341, 0.073441
0.191398, 0.071726
0.192456, 0.070011
0.193513, 0.068195
0.194570, 0.066379
0.195627, 0.064564
0.196686, 0.062848
0.197744, 0.060932
0.198801, 0.059217
0.199858, 0.057501
0.200914, 0.055686
0.201971, 0.053970
0.203042, 0.052457
0.204099, 0.050641
0.205156, 0.048825
0.206214, 0.047009
0.207271, 0.045092
0.208330, 0.043377
0.209404, 0.041965
0.210477, 0.040250
0.211533, 0.038535
0.212590, 0.036921
0.213647, 0.035307
0.214721, 0.033591
0.215779, 0.031876
0.216835, 0.030161
0.217892, 0.028446
0.218950, 0.026832
0.220006, 0.025319
0.221064, 0.023906
0.222138, 0.022292
0.223195, 0.020678
0.224252, 0.019064
0.225309, 0.017248
0.226366, 0.015735
0.227423, 0.013919
0.228517, 0.012305
0.229575, 0.010690
0.230633, 0.009480
0.231706, 0.007866
0.232762, 0.006453
0.233819, 0.004940
0.234878, 0.003326
0.235934, 0.002014
0.236991, 0.000400
0.238049, -0.001113
0.239107, -0.002828
0.240180, -0.004140
0.241238, -0.005653
0.242312, -0.007066
0.243384, -0.008579
0.244441, -0.009991
0.245499, -0.011404
0.246556, -0.012917
0.247613, -0.014329
0.248671, -0.015641
0.249728, -0.017154
0.250785, -0.018768
0.251842, -0.020181
0.252899, -0.021593
0.253957, -0.023006
0.255016, -0.024418
0.256074, -0.025629
0.257131, -0.026940
0.258188, -0.028252
0.259245, -0.029664
0.260303, -0.030875
0.261361, -0.032085
0.262419, -0.033599
0.263477, -0.035011
0.264534, -0.036423
0.265592, -0.037533
0.266651, -0.038946
0.267709, -0.040156
0.268766, -0.041569
0.269823, -0.042880
0.270881, -0.044192
0.271939, -0.045402
0.272996, -0.046815
0.274054, -0.048126
0.275111, -0.049236
0.276184, -0.050548
0.277241, -0.051859
0.278298, -0.053171
0.279355, -0.054381
0.280412, -0.055491
0.281470, -0.056702
0.282527, -0.057912
0.283585, -0.059123
0.284642, -0.060333
0.285700, -0.061544
0.286758, -0.062654
0.287815, -0.063965
0.288872, -0.065176
0.289929, -0.066488
0.290986, -0.067799
0.292044, -0.068808
0.293119, -0.070019
0.294194, -0.071128
0.295251, -0.072238
0.296308, -0.073449
0.297365, -0.074558
0.298423, -0.075668
0.299482, -0.076677
0.300540, -0.077787
0.301597, -0.078997
0.302654, -0.080107
0.303711, -0.081217
0.304768, -0.082428
0.305826, -0.083537
0.306883, -0.084546
0.307939, -0.085656
0.308995, -0.086665
0.310051, -0.087674
0.311106, -0.088582
0.312162, -0.089691
0.313217, -0.090700
0.314273, -0.091709
0.315328, -0.092718
0.316384, -0.093727
0.317440, -0.094736
0.318496, -0.095744
0.319551, -0.096854
0.320607, -0.097863
0.321663, -0.098973
0.322719, -0.099982
0.323775, -0.100890
0.324837, -0.101798
0.325900, -0.102706
0.326958, -0.103614
0.328014, -0.104522
0.329069, -0.105430
0.330125, -0.106338
0.331181, -0.107245
0.332236, -0.108153
0.333291, -0.109061
0.334346, -0.109969
0.335402, -0.110777
0.336459, -0.111684
0.337515, -0.112592
0.338570, -0.113500
0.339626, -0.114509
0.340682, -0.115417
0.341737, -0.116224
0.342793, -0.117132
0.343849, -0.117939
0.344904, -0.118747
0.345960, -0.119554
0.347016, -0.120361
0.348071, -0.121168
0.349126, -0.122076
0.350182, -0.122782
0.351238, -0.123488
0.352294, -0.124295
0.353350, -0.125102
0.354405, -0.125909
0.355461, -0.126717
0.356516, -0.127524
0.357572, -0.128331
0.358628, -0.128936
0.359683, -0.129743
0.360739, -0.130550
0.361795, -0.131357
0.362852, -0.132164
0.363907, -0.132770
0.364962, -0.133476
0.366018, -0.134182
0.367073, -0.134888
0.368128, -0.135494
0.369183, -0.136099
0.370239, -0.136805
0.371294, -0.137511
0.372349, -0.138218
0.373406, -0.138823
0.374461, -0.139529
0.375516, -0.140033
0.376571, -0.140740
0.377627, -0.141345
0.378684, -0.142051
0.379739, -0.142556
0.380794, -0.143161
0.381850, -0.143766
0.382906, -0.144372
0.383961, -0.144977
0.385017, -0.145582
0.386072, -0.146188
0.387127, -0.146793
0.388182, -0.147499
0.389238, -0.148104
0.390293, -0.148710
0.391348, -0.149214
0.392403, -0.149719
0.393458, -0.150223
0.394514, -0.150828
0.395569, -0.151434
0.396625, -0.151938
0.397680, -0.152442
0.398736, -0.152947
0.399791, -0.153451
0.400846, -0.153956
0.401901, -0.154460
0.402956, -0.154864
0.404012, -0.155267
0.405068, -0.155772
0.406123, -0.156175
0.407179, -0.156579
0.408234, -0.156982
0.409290, -0.157487
0.410345, -0.157890
0.411402, -0.158294
0.412457, -0.158697
0.413513, -0.159000
0.414568, -0.159404
0.415623, -0.159807
0.416679, -0.160110
0.417734, -0.160513
0.418789, -0.160816
0.419845, -0.161220
0.420900, -0.161522
0.421955, -0.161926
0.423011, -0.162228
0.424067, -0.162531
0.425123, -0.162834
0.426179, -0.163237
0.427234, -0.163540
0.428289, -0.163843
0.429344, -0.164145
0.430400, -0.164347
0.431456, -0.164650
0.432511, -0.164851
0.433566, -0.165154
0.434622, -0.165356
0.435679, -0.165659
0.436735, -0.165860
0.437791, -0.166062
0.438846, -0.166365
0.439901, -0.166567
0.440957, -0.166768
0.442013, -0.166970
0.443068, -0.167071
0.444123, -0.167273
0.445207, -0.167374
0.446263, -0.167575
0.447321, -0.167676
0.448377, -0.167878
0.449433, -0.167979
0.450489, -0.168181
0.451544, -0.168282
0.452599, -0.168382
0.453656, -0.168483
0.454712, -0.168584
0.455767, -0.168786
0.456822, -0.168887
0.457879, -0.168988
0.458935, -0.169089
0.459990, -0.169190
0.461045, -0.169290
0.462101, -0.169391
0.463156, -0.169391
0.464212, -0.169492
0.465268, -0.169593
0.466323, -0.169593
0.467378, -0.169694
0.468435, -0.169694
0.469490, -0.169694
0.470545, -0.169795
0.471601, -0.169795
0.472656, -0.169795
0.473711, -0.169795
0.474767, -0.169795
0.475822, -0.169795
0.476877, -0.169795
0.477933, -0.169795
0.478989, -0.169795
0.480045, -0.169694
0.481101, -0.169694
0.482156, -0.169694
0.483212, -0.169694
0.484267, -0.169593
0.485322, -0.169593
0.486378, -0.169492
0.487433, -0.169492
0.488488, -0.169492
0.489544, -0.169391
0.490599, -0.169391
0.491655, -0.169290
0.492710, -0.169290
0.493765, -0.169190
0.494821, -0.169190
0.495877, -0.169089
0.496932, -0.169089
0.497987, -0.168988
0.499043, -0.168988
0.500100, -0.168887
0.501155, -0.168887
0.502211, -0.168786
0.503266, -0.168786
0.504321, -0.168685
0.505377, -0.168685
0.506433, -0.168685
0.507488, -0.168584
0.508543, -0.168584
0.509599, -0.168584
0.510656, -0.168483
0.511712, -0.168483
0.512767, -0.168483
0.513822, -0.168382
0.514877, -0.168382
0.515932, -0.168382
0.516987, -0.168382
0.518043, -0.168282
0.519098, -0.168282
0.520153, -0.168282
0.521210, -0.168282
0.522266, -0.168282
0.523321, -0.168181
0.524377, -0.168181
0.525432, -0.168181
0.526489, -0.168181
0.527545, -0.168181
0.528601, -0.168181
0.529656, -0.168181
0.530712, -0.168181
0.531770, -0.168181
0.532827, -0.168080
0.533881, -0.168080
0.534937, -0.168080
0.535992, -0.168080
0.537047, -0.168080
0.538103, -0.168080
0.539158, -0.168080
0.540213, -0.168080
0.541269, -0.168080
0.542324, -0.168080
0.543379, -0.168080
0.544435, -0.168080
0.545490, -0.168080
0.546545, -0.168080
0.547600, -0.168080
0.548656, -0.168080
0.549712, -0.168080
0.550767, -0.168080
0.551822, -0.168080
0.552879, -0.168080
0.553935, -0.168080
0.554991, -0.168080
0.556046, -0.168080
0.557101, -0.168080
0.558156, -0.168181
0.559212, -0.168181
0.560268, -0.168181
0.561323, -0.168181
0.562378, -0.168181
0.563434, -0.168181
0.564489, -0.168181
0.565545, -0.168080
0.566600, -0.168080
0.567656, -0.168080
0.568711, -0.168080
0.569766, -0.168080
0.570821, -0.168080
0.571877, -0.168080
0.572932, -0.168080
0.573988, -0.168080
0.575043, -0.168080
0.576099, -0.168080
0.577154, -0.168080
0.578210, -0.168080
0.579266, -0.168080
0.580321, -0.168080
0.581376, -0.168080
0.582431, -0.168080
0.583487, -0.168080
0.584542, -0.168080
0.585598, -0.168080
0.586653, -0.168080
0.587708, -0.168080
0.588766, -0.168080
0.589824, -0.168080
0.590880, -0.168080
0.591935, -0.168080
0.592990, -0.168080
0.594046, -0.168080
0.595103, -0.168080
0.596159, -0.168080
0.597214, -0.168080
0.598269, -0.168080
0.599325, -0.168080
0.600381, -0.168080
0.601437, -0.168080
0.602492, -0.168080
0.603548, -0.168080
0.604603, -0.168080
0.605660, -0.168080
0.606717, -0.168080
0.607772, -0.168080
0.608828, -0.168080
0.609883, -0.168080
0.610939, -0.168080
0.611995, -0.168080
0.613050, -0.168080
0.614105, -0.168080
0.615160, -0.168080
0.616216, -0.168080
0.617271, -0.168080
0.618326, -0.168080
0.619381, -0.168080
0.620437, -0.168080
0.621493, -0.168080
0.622550, -0.168080
0.623605, -0.168080
0.624660, -0.168080
0.625716, -0.168080
0.626772, -0.168080
0.627828, -0.168080
0.628883, -0.168080
0.629938, -0.168080
0.630994, -0.168080
0.632049, -0.168080
0.633104, -0.168080
0.634159, -0.168080
0.635215, -0.168080
0.636270, -0.168080
0.637325, -0.168080
0.638382, -0.168080
0.639436, -0.168080
0.640491, -0.168080
0.641547, -0.168080
0.642603, -0.168080
0.643658, -0.168080
0.644713, -0.168080
0.645769, -0.168080
0.646825, -0.168080
0.647881, -0.168080
0.648936, -0.168080
0.649992, -0.168080
0.651047, -0.168080
0.652102, -0.168080
0.653158, -0.168080
0.654214, -0.168080
0.655270, -0.168080
0.656326, -0.168080
0.657381, -0.168080
0.658438, -0.168080
0.659493, -0.168080
0.660549, -0.168080
0.661637, -0.168080
0.662693, -0.168080
0.663750, -0.168080
0.664806, -0.168080
0.665861, -0.168080
0.666917, -0.168080
0.667972, -0.168080
0.669028, -0.168080
0.670059, -0.168080
0.671114, -0.168080
0.672170, -0.168080
0.673226, -0.168080
0.674282, -0.168080
0.675337, -0.168080
0.676393, -0.168080
0.677448, -0.168080
0.678504, -0.168080
0.679560, -0.168080
0.680615, -0.168080
0.681670, -0.168080
0.682727, -0.168080
0.683783, -0.168080
0.684838, -0.168080
0.685893, -0.168080
0.686949, -0.168080
0.688004, -0.168080
0.689060, -0.168080
0.690116, -0.168080
0.691172, -0.168080
0.692227, -0.168080
0.693283, -0.168080
0.694338, -0.168080
0.695394, -0.168080
0.696449, -0.168080
0.697505, -0.168080
0.698560, -0.168080
0.699615, -0.168080
0.700671, -0.168080
0.701726, -0.168080
0.702782, -0.168080
0.703838, -0.168080
0.704893, -0.168080
0.705948, -0.168080
0.707004, -0.168080
0.708060, -0.168080
0.709116, -0.168080
0.710171, -0.168080
0.711227, -0.168080
0.712282, -0.168080
0.713338, -0.168080
0.714395, -0.168080
0.715451, -0.168080
0.716506, -0.168080
0.717561, -0.168080
0.718617, -0.168080
0.719674, -0.168080
0.720730, -0.168080
0.721785, -0.168080
0.722840, -0.168080
0.723896, -0.168080
0.724952, -0.168080
0.726007, -0.168080
0.727063, -0.168080
0.728118, -0.168080
0.729173, -0.168080
0.730229, -0.168080
0.731285, -0.168080
0.732340, -0.168080
0.733395, -0.168080
0.734452, -0.168080
0.735509, -0.168080
0.736564, -0.168080
0.737620, -0.168080
0.738676, -0.168080
0.739731, -0.168080
0.740787, -0.168080
0.741844, -0.168080
0.742899, -0.168080
0.743954, -0.168080
0.745009, -0.168080
0.746066, -0.168080
0.747121, -0.168080
0.748176, -0.168080
0.749231, -0.168080
0.750287, -0.168080
0.751342, -0.168080
0.752398, -0.168080
0.753454, -0.168080
0.754509, -0.168080
0.755564, -0.168080
0.756621, -0.168080
0.757677, -0.168080
0.758733, -0.168080
0.759788, -0.168080
0.760844, -0.168080
0.761900, -0.168080
0.762956, -0.168080
0.764012, -0.168080
0.765067, -0.168080
0.766123, -0.168080
0.767178, -0.168080
0.768234, -0.168080
0.769289, -0.168080
0.770345, -0.168080
0.771400, -0.168080
0.772455, -0.168080
0.773511, -0.168080
0.774566, -0.168080
0.775622, -0.168080
0.776678, -0.168080
0.777734, -0.168080
0.778789, -0.168080
0.779845, -0.168080
0.780900, -0.168080
0.781956, -0.168080
0.783012, -0.168080
0.784067, -0.168080
0.785122, -0.168080
0.786178, -0.168080
0.787235, -0.168080
0.788292, -0.168080
0.789347, -0.168080
0.790402, -0.168080
0.791457, -0.168080
0.792513, -0.168080
0.793569, -0.168080
0.794624, -0.168080
0.795679, -0.168080
0.796735, -0.168080
0.797791, -0.168080
0.798847, -0.168080
0.799902, -0.168080
0.800957, -0.168080
0.802013, -0.168080
0.803068, -0.168080
0.804124, -0.168080
0.805180, -0.168080
0.806236, -0.168080
0.807291, -0.168080
0.808347, -0.168080
0.809405, -0.168080
0.810460, -0.168080
0.811515, -0.168080
0.812571, -0.168080
0.813626, -0.168080
0.814681, -0.168080
0.815738, -0.168080
0.816792, -0.168080
0.817847, -0.168080
0.818903, -0.168080
0.819960, -0.168080
0.821015, -0.168080
0.822071, -0.168080
0.823126, -0.168080
0.824182, -0.168080
0.825238, -0.168080
0.826294, -0.168080
0.827350, -0.168080
0.828405, -0.168080
0.829461, -0.168080
0.830518, -0.168080
0.831574, -0.168080
0.832629, -0.168080
0.833685, -0.168080
0.834740, -0.168080
0.835795, -0.168080
0.836851, -0.168080
0.837906, -0.168080
0.838962, -0.168080
0.840017, -0.168080
0.841073, -0.168080
0.842128, -0.168080
0.843184, -0.168080
0.844239, -0.168080
0.845295, -0.168080
0.846350, -0.168080
0.847405, -0.168080
0.848461, -0.168080
0.849517, -0.168080
0.850573, -0.168080
0.851628, -0.168080
0.852684, -0.168080
0.853739, -0.168080
0.854796, -0.168080
0.855853, -0.168080
0.856909, -0.168080
0.857964, -0.168080
0.859019, -0.168080
0.860075, -0.168080
0.861131, -0.168080
0.862187, -0.168080
0.863243, -0.168080
0.864298, -0.168080
0.865353, -0.168080
0.866409, -0.168080
0.867465, -0.168080
0.868521, -0.168080
0.869576, -0.168080
0.870631, -0.168080
0.871688, -0.168080
0.872744, -0.168080
0.873799, -0.168080
0.874854, -0.168080
0.875910, -0.168080
0.876967, -0.168080
0.878040, -0.168080
0.879097, -0.168080
0.880153, -0.168080
0.881208, -0.168080
0.882264, -0.168080
0.883320, -0.168080
0.884377, -0.168080
0.885433, -0.168080
0.886488, -0.168080
0.887543, -0.168080
0.888599, -0.168080
0.889655, -0.168080
0.890711, -0.168080
0.891766, -0.168080
0.892821, -0.168080
0.893878, -0.168080
0.894934, -0.168080
0.895990, -0.168080
0.897045, -0.168080
0.898101, -0.168080
0.899157, -0.168080
0.900214, -0.168080
0.901269, -0.168080
0.902324, -0.168080
0.903379, -0.168080
0.904436, -0.168080
0.905492, -0.168080
0.906548, -0.168080
0.907603, -0.168080
0.908659, -0.168080
0.909714, -0.168080
0.910770, -0.168080
0.911825, -0.168080
0.912880, -0.168080
0.913936, -0.168080
0.914992, -0.168080
0.916047, -0.168080
0.917103, -0.168080
0.918159, -0.168080
0.919215, -0.168080
0.920271, -0.168080
0.921326, -0.168080
0.922382, -0.168080
0.923437, -0.168080
0.924493, -0.168080
0.925556, -0.168080
0.926619, -0.168080
0.927680, -0.168080
0.928736, -0.168080
0.929793, -0.168080
0.930850, -0.168080
0.931904, -0.168080
0.932960, -0.168080
0.934016, -0.168080
0.935072, -0.168080
0.936130, -0.168080
0.937187, -0.168080
0.938242, -0.168080
0.939297, -0.168080
0.940353, -0.168080
0.941409, -0.168080
0.942465, -0.168080
0.943520, -0.168080
0.944576, -0.168080
0.945631, -0.168080
0.946687, -0.168080
0.947743, -0.168080
0.948799, -0.168080
0.949854, -0.168080
0.950910, -0.168080
0.951965, -0.168080
0.953022, -0.168080
0.954078, -0.168080
0.955134, -0.168080
0.956189, -0.168080
0.957246, -0.168080
0.958303, -0.168080
0.959359, -0.168080
0.960415, -0.168080
0.961470, -0.168080
0.962525, -0.168080
0.963582, -0.168080
0.964637, -0.168080
0.965693, -0.168080
0.966748, -0.168080
0.967804, -0.168080
0.968860, -0.168080
0.969917, -0.168080
0.970972, -0.168080
0.972028, -0.168080
0.973083, -0.168080
0.974139, -0.168080
0.975195, -0.168080
0.976250, -0.168080
0.977306, -0.168080
0.978363, -0.168080
0.979419, -0.168080
0.980474, -0.168080
0.981530, -0.168080
0.982585, -0.168080
0.983640, -0.168080
0.984696, -0.168080
0.985751, -0.168080
0.986807, -0.168080
0.987862, -0.168080
0.988918, -0.168080
0.989973, -0.168080
0.991029, -0.168080
0.992084, -0.168080
0.993140, -0.168080
0.994196, -0.168080
0.995252, -0.168080
0.996308, -0.168080
0.997364, -0.168080
0.998419, -0.168080
0.999475, -0.168080
1.000530, -0.168080
1.001587, -0.168080
1.002642, -0.168080
1.003698, -0.168080
1.004754, -0.168080
1.005809, -0.168080
1.006865, -0.168080
1.007920, -0.168080
1.008975, -0.168080
1.010035, -0.168080
1.011091, -0.168080
1.012146, -0.168080
1.013202, -0.168080
0.000000, 0.478196
0.001073, 0.478096
0.002131, 0.477591
0.003189, 0.476784
0.004249, 0.475977
0.005305, 0.475170
0.006362, 0.474161
0.007417, 0.472950
0.008475, 0.471437
0.009531, 0.469722
0.010588, 0.468209
0.011647, 0.466191
0.012706, 0.463770
0.013762, 0.461348
0.014818, 0.458725
0.015873, 0.456506
0.016935, 0.454589
0.017992, 0.451966
0.019049, 0.448939
0.020110, 0.445913
0.021173, 0.443088
0.022232, 0.440364
0.023289, 0.437842
0.024346, 0.434815
0.025402, 0.431789
0.026461, 0.429166
0.027520, 0.426543
0.028580, 0.424122
0.029636, 0.420994
0.030691, 0.417867
0.031746, 0.414941
0.032800, 0.412520
0.033855, 0.409997
0.034910, 0.407677
0.035970, 0.404953
0.037028, 0.402027
0.038089, 0.399203
0.039146, 0.396580
0.040202, 0.393755
0.041259, 0.391334
0.042315, 0.388509
0.043370, 0.385785
0.044425, 0.383061
0.045479, 0.380438
0.046539, 0.378017
0.047600, 0.375394
0.048656, 0.372871
0.049712, 0.370248
0.050768, 0.367524
0.051828, 0.364901
0.052885, 0.362177
0.053941, 0.359958
0.054996, 0.357335
0.056052, 0.354611
0.057109, 0.352089
0.058167, 0.349567
0.059223, 0.347045
0.060279, 0.344623
0.061335, 0.342101
0.062393, 0.339377
0.063450, 0.336552
0.064506, 0.334232
0.065562, 0.331811
0.066617, 0.329188
0.067673, 0.326666
0.068730, 0.323942
0.069789, 0.321722
0.070850, 0.319099
0.071907, 0.316779
0.072962, 0.314257
0.074018, 0.311835
0.075078, 0.309313
0.076134, 0.306690
0.077191, 0.304370
0.078247, 0.301747
0.079303, 0.299527
0.080358, 0.297005
0.081415, 0.294584
0.082471, 0.292465
0.083532, 0.289943
0.084587, 0.287421
0.085643, 0.284899
0.086702, 0.282578
0.087759, 0.280157
0.088816, 0.277736
0.089873, 0.275617
0.090929, 0.272994
0.091985, 0.270371
0.093042, 0.268051
0.094098, 0.265932
0.095154, 0.263612
0.096210, 0.261190
0.097268, 0.258769
0.098328, 0.256247
0.099385, 0.253826
0.100441, 0.251606
0.101497, 0.249084
0.102553, 0.246865
0.103613, 0.244544
0.104677, 0.242325
0.105738, 0.239904
0.106798, 0.237482
0.107914, 0.235767
0.108977, 0.233043
0.110036, 0.230824
0.111094, 0.228403
0.112151, 0.225880
0.113208, 0.223661
0.114265, 0.221340
0.115322, 0.219222
0.116380, 0.216901
0.117437, 0.214783
0.118494, 0.212463
0.119555, 0.210344
0.120616, 0.208024
0.121675, 0.205602
0.122732, 0.203383
0.123790, 0.201163
0.124848, 0.199146
0.125906, 0.196825
0.126963, 0.194404
0.128020, 0.191983
0.129077, 0.189662
0.130135, 0.187645
0.131209, 0.185829
0.132267, 0.183811
0.133324, 0.181692
0.134382, 0.179473
0.135438, 0.177253
0.136496, 0.174832
0.137553, 0.172915
0.138610, 0.170595
0.139668, 0.168476
0.140724, 0.166358
0.141797, 0.164441
0.142856, 0.162019
0.143913, 0.160002
0.144970, 0.157782
0.146027, 0.155664
0.147084, 0.153646
0.148141, 0.151527
0.149197, 0.149711
0.150270, 0.147593
0.151327, 0.145474
0.152383, 0.143255
0.153441, 0.141035
0.154498, 0.139017
0.155557, 0.136899
0.156613, 0.135083
0.157671, 0.133065
0.158728, 0.130947
0.159785, 0.128828
0.160857, 0.126810
0.161915, 0.124792
0.162971, 0.122775
0.164028, 0.120757
0.165085, 0.118941
0.166143, 0.116923
0.167200, 0.114906
0.168257, 0.113191
0.169314, 0.110971
0.170371, 0.108953
0.171427, 0.106936
0.172499, 0.105120
0.173556, 0.103203
0.174613, 0.101286
0.175669, 0.099369
0.176728, 0.097351
0.177785, 0.095334
0.178842, 0.093518
0.179899, 0.091601
0.180955, 0.089785
0.182013, 0.087868
0.183071, 0.086052
0.184133, 0.084337
0.185208, 0.082420
0.186265, 0.080504
0.187322, 0.078486
0.188379, 0.076569
0.189436, 0.074753
0.190493, 0.072937
0.191552, 0.071121
0.192608, 0.069608
0.193665, 0.067590
0.194723, 0.065976
0.195780, 0.064160
0.196836, 0.062142
0.197894, 0.060326
0.198953, 0.058611
0.200011, 0.056795
0.201067, 0.055282
0.202125, 0.053567
0.203181, 0.051751
0.204239, 0.049935
0.205298, 0.048220
0.206356, 0.046303
0.207428, 0.044689
0.208487, 0.042974
0.209545, 0.041360
0.210601, 0.039544
0.211658, 0.037829
0.212715, 0.036114
0.213778, 0.034701
0.214836, 0.032986
0.215892, 0.031170
0.216949, 0.029455
0.218006, 0.027740
0.219063, 0.026227
0.220132, 0.024915
0.221195, 0.023200
0.222253, 0.021586
0.223310, 0.019972
0.224366, 0.018257
0.225423, 0.016542
0.226480, 0.014827
0.227551, 0.013313
0.228649, 0.011598
0.229708, 0.010085
0.230765, 0.008572
0.231822, 0.006958
0.232879, 0.005646
0.233936, 0.004133
0.234993, 0.002619
0.236050, 0.001005
0.237107, -0.000609
0.238165, -0.002223
0.239238, -0.003635
0.240296, -0.005149
0.241353, -0.006561
0.242410, -0.008074
0.243466, -0.009588
0.244523, -0.010899
0.245581, -0.012211
0.246638, -0.013825
0.247695, -0.015237
0.248751, -0.016751
0.249808, -0.018264
0.250865, -0.019777
0.251922, -0.021291
0.252986, -0.022501
0.254060, -0.023914
0.255117, -0.025326
0.256174, -0.026638
0.257231, -0.028050
0.258289, -0.029462
0.259346, -0.030774
0.260403, -0.031984
0.261462, -0.033397
0.262519, -0.034910
0.263577, -0.036222
0.264634, -0.037634
0.265692, -0.038845
0.266749, -0.040257
0.267806, -0.041670
0.268863, -0.042779
0.269935, -0.044091
0.270992, -0.045503
0.272050, -0.046815
0.273107, -0.048126
0.274165, -0.049539
0.275221, -0.050850
0.276278, -0.052061
0.277336, -0.053372
0.278393, -0.054482
0.279450, -0.055693
0.280507, -0.057004
0.281565, -0.058215
0.282624, -0.059325
0.283681, -0.060636
0.284738, -0.061847
0.285800, -0.063158
0.286858, -0.064369
0.287915, -0.065680
0.288972, -0.066992
0.290029, -0.068303
0.291085, -0.069413
0.292142, -0.070523
0.293200, -0.071633
0.294257, -0.072944
0.295315, -0.074054
0.296373, -0.075063
0.297429, -0.076173
0.298486, -0.077484
0.299543, -0.078594
0.300601, -0.079804
0.301660, -0.080813
0.302717, -0.082024
0.303775, -0.083235
0.304832, -0.084344
0.305889, -0.085555
0.306947, -0.086564
0.308005, -0.087573
0.309077, -0.088481
0.310135, -0.089691
0.311192, -0.090700
0.312249, -0.091709
0.313306, -0.092819
0.314364, -0.093929
0.315422, -0.095038
0.316478, -0.095946
0.317535, -0.097056
0.318592, -0.098166
0.319649, -0.099275
0.320706, -0.100284
0.321765, -0.101192
0.322838, -0.102201
0.323895, -0.103109
0.324952, -0.104118
0.326010, -0.105127
0.327068, -0.106136
0.328125, -0.107044
0.329183, -0.107952
0.330241, -0.108860
0.331297, -0.109869
0.332354, -0.110777
0.333412, -0.111684
0.334470, -0.112592
0.335528, -0.113601
0.336584, -0.114509
0.337642, -0.115518
0.338699, -0.116527
0.339757, -0.117435
0.340814, -0.118242
0.341871, -0.119049
0.342928, -0.119957
0.343984, -0.120865
0.345041, -0.121672
0.346099, -0.122580
0.347157, -0.123387
0.348214, -0.124295
0.349270, -0.125102
0.350326, -0.125909
0.351382, -0.126717
0.352437, -0.127624
0.353493, -0.128432
0.354550, -0.129340
0.355607, -0.130147
0.356663, -0.130954
0.357719, -0.131761
0.358775, -0.132568
0.359831, -0.133375
0.360886, -0.134182
0.361942, -0.134888
0.362997, -0.135494
0.364053, -0.136301
0.365108, -0.137108
0.366164, -0.137915
0.367221, -0.138520
0.368276, -0.139226
0.369331, -0.139933
0.370389, -0.140639
0.371445, -0.141345
0.372501, -0.142051
0.373556, -0.142657
0.374612, -0.143363
0.375667, -0.144069
0.376723, -0.144775
0.377780, -0.145481
0.378835, -0.146087
0.379891, -0.146793
0.380946, -0.147600
0.382002, -0.148306
0.383057, -0.149012
0.384112, -0.149517
0.385169, -0.150223
0.386224, -0.150828
0.387279, -0.151534
0.388335, -0.152140
0.389391, -0.152745
0.390447, -0.153350
0.391503, -0.153956
0.392558, -0.154561
0.393614, -0.155066
0.394669, -0.155671
0.395725, -0.156175
0.396781, -0.156680
0.397836, -0.157184
0.398892, -0.157789
0.399947, -0.158294
0.401003, -0.158798
0.402059, -0.159303
0.403114, -0.159807
0.404171, -0.160312
0.405227, -0.160715
0.406282, -0.161220
0.407337, -0.161724
0.408391, -0.162228
0.409447, -0.162733
0.410502, -0.163136
0.411557, -0.163641
0.412612, -0.164044
0.413667, -0.164448
0.414722, -0.164952
0.415777, -0.165356
0.416832, -0.165759
0.417888, -0.166163
0.418943, -0.166567
0.419998, -0.166970
0.421053, -0.167273
0.422108, -0.167575
0.423163, -0.167979
0.424218, -0.168282
0.425273, -0.168584
0.426327, -0.168988
0.427382, -0.169391
0.428437, -0.169694
0.429492, -0.170098
0.430548, -0.170400
0.431603, -0.170703
0.432658, -0.171006
0.433713, -0.171308
0.434768, -0.171510
0.435822, -0.171813
0.436877, -0.172115
0.437932, -0.172418
0.438988, -0.172620
0.440043, -0.172922
0.441099, -0.173225
0.442158, -0.173528
0.443214, -0.173729
0.444270, -0.174032
0.445347, -0.174234
0.446404, -0.174436
0.447459, -0.174637
0.448514, -0.174940
0.449569, -0.175142
0.450624, -0.175344
0.451679, -0.175646
0.452734, -0.175848
0.453789, -0.176050
0.454844, -0.176252
0.455899, -0.176453
0.456954, -0.176655
0.458010, -0.176756
0.459065, -0.176958
0.460120, -0.177059
0.461174, -0.177260
0.462230, -0.177361
0.463285, -0.177462
0.464340, -0.177563
0.465395, -0.177664
0.466450, -0.177765
0.467506, -0.177967
0.468561, -0.178068
0.469616, -0.178068
0.470670, -0.178168
0.471725, -0.178269
0.472779, -0.178370
0.473834, -0.178471
0.474890, -0.178471
0.475945, -0.178572
0.477000, -0.178572
0.478055, -0.178572
0.479109, -0.178673
0.480164, -0.178673
0.481219, -0.178673
0.482273, -0.178673
0.483328, -0.178673
0.484383, -0.178673
0.485437, -0.178673
0.486492, -0.178673
0.487546, -0.178673
0.488601, -0.178673
0.489656, -0.178572
0.490711, -0.178572
0.491765, -0.178572
0.492820, -0.178572
0.493876, -0.178471
0.494931, -0.178471
0.495986, -0.178471
0.497041, -0.178370
0.498096, -0.178370
0.499150, -0.178269
0.500205, -0.178269
0.501260, -0.178168
0.502314, -0.178168
0.503372, -0.178168
0.504428, -0.178068
0.505488, -0.178068
0.506550, -0.177967
0.507610, -0.177967
0.508666, -0.177866
0.509722, -0.177866
0.510781, -0.177866
0.511843, -0.177765
0.512899, -0.177765
0.513954, -0.177664
0.515010, -0.177664
0.516066, -0.177664
0.517121, -0.177563
0.518177, -0.177563
0.519232, -0.177563
0.520292, -0.177462
0.521347, -0.177462
0.522402, -0.177462
0.523456, -0.177361
0.524511, -0.177361
0.525566, -0.177361
0.526621, -0.177361
0.527675, -0.177361
0.528730, -0.177260
0.529785, -0.177260
0.530844, -0.177260
0.531898, -0.177260
0.532953, -0.177260
0.534012, -0.177160
0.535070, -0.177160
0.536124, -0.177160
0.537179, -0.177160
0.538234, -0.177160
0.539289, -0.177160
0.540343, -0.177160
0.541398, -0.177160
0.542453, -0.177059
0.543507, -0.177059
0.544562, -0.177059
0.545617, -0.177059
0.546675, -0.177059
0.547730, -0.177059
0.548789, -0.177059
0.549844, -0.177059
0.550902, -0.177059
0.551957, -0.177059
0.553015, -0.177059
0.554069, -0.177059
0.555124, -0.177059
0.556179, -0.177059
0.557237, -0.177059
0.558292, -0.177059
0.559347, -0.177059
0.560401, -0.177059
0.561456, -0.177059
0.562511, -0.177059
0.563569, -0.177059
0.564623, -0.177059
0.565678, -0.177059
0.566732, -0.177059
0.567787, -0.177059
0.568843, -0.177059
0.569897, -0.177059
0.570952, -0.177059
0.572006, -0.177059
0.573061, -0.177059
0.574115, -0.177059
0.575170, -0.177059
0.576228, -0.177059
0.577283, -0.177059
0.578337, -0.177059
0.579392, -0.177059
0.580450, -0.177059
0.581505, -0.177059
0.582560, -0.177059
0.583615, -0.177059
0.584674, -0.177059
0.585731, -0.177059
0.586786, -0.177059
0.587841, -0.177059
0.588896, -0.177059
0.589953, -0.177059
0.591009, -0.177059
0.592065, -0.177059
0.593120, -0.177059
0.594176, -0.177059
0.595231, -0.177059
0.596286, -0.177059
0.597342, -0.177059
0.598397, -0.177059
0.599457, -0.177059
0.600513, -0.177059
0.601569, -0.177059
0.602625, -0.177059
0.603680, -0.177059
0.604738, -0.177059
0.605794, -0.177059
0.606849, -0.177059
0.607905, -0.177059
0.608960, -0.177059
0.610016, -0.177059
0.611072, -0.177059
0.612127, -0.177059
0.613183, -0.177059
0.614239, -0.177059
0.615294, -0.177059
0.616354, -0.177059
0.617409, -0.177059
0.618464, -0.177059
0.619520, -0.177059
0.620581, -0.177059
0.621637, -0.177059
0.622692, -0.177059
0.623748, -0.177059
0.624804, -0.177059
0.625859, -0.177059
0.626914, -0.177059
0.627969, -0.177059
0.629025, -0.177059
0.630080, -0.177059
0.631136, -0.177059
0.632192, -0.177059
0.633247, -0.177059
0.634303, -0.177059
0.635358, -0.177059
0.636413, -0.177059
0.637469, -0.177059
0.638528, -0.177059
0.639583, -0.177059
0.640639, -0.177059
0.641695, -0.177059
0.642751, -0.177059
0.643806, -0.177059
0.644861, -0.177059
0.645917, -0.177059
0.646972, -0.177059
0.648027, -0.177059
0.649083, -0.177059
0.650138, -0.177059
0.651194, -0.177059
0.652249, -0.177059
0.653306, -0.177059
0.654361, -0.177059
0.655417, -0.177059
0.656473, -0.177059
0.657528, -0.177059
0.658583, -0.177059
0.659638, -0.177059
0.660699, -0.177059
0.661835, -0.177059
0.662892, -0.177059
0.663949, -0.177059
0.665006, -0.177059
0.666063, -0.177059
0.667119, -0.177059
0.668176, -0.177059
0.669233, -0.177059
0.670289, -0.177059
0.671345, -0.177059
0.672402, -0.177059
0.673458, -0.177059
0.674515, -0.177059
0.675571, -0.177059
0.676627, -0.177059
0.677683, -0.177059
0.678739, -0.177059
0.679796, -0.177059
0.680852, -0.177059
0.681908, -0.177059
0.682965, -0.177059
0.684021, -0.177059
0.685077, -0.177059
0.686133, -0.177059
0.687190, -0.177059
0.688246, -0.177059
0.689303, -0.177059
0.690359, -0.177059
0.691415, -0.177059
0.692471, -0.177059
0.693529, -0.177059
0.694585, -0.177059
0.695641, -0.177059
0.696698, -0.177059
0.697754, -0.177059
0.698811, -0.177059
0.699867, -0.177059
0.700923, -0.177059
0.701979, -0.177059
0.703035, -0.177059
0.704092, -0.177059
0.705107, -0.177059
0.706163, -0.177059
0.707219, -0.177059
0.708275, -0.177059
0.709331, -0.177059
0.710388, -0.177059
0.711444, -0.177059
0.712500, -0.177059
0.713557, -0.177059
0.714615, -0.177059
0.715672, -0.177059
0.716728, -0.177059
0.717786, -0.177059
0.718842, -0.177059
0.719899, -0.177059
0.720956, -0.177059
0.722012, -0.177059
0.723070, -0.177059
0.724127, -0.177059
0.725186, -0.177059
0.726243, -0.177059
0.727300, -0.177059
0.728356, -0.177059
0.729413, -0.177059
0.730470, -0.177059
0.731526, -0.177059
0.732583, -0.177059
0.733640, -0.177059
0.734696, -0.177059
0.735753, -0.177059
0.736810, -0.177059
0.737867, -0.177059
0.738924, -0.177059
0.739980, -0.177059
0.741037, -0.177059
0.742094, -0.177059
0.743151, -0.177059
0.744207, -0.177059
0.745264, -0.177059
0.746322, -0.177059
0.747379, -0.177059
0.748436, -0.177059
0.749492, -0.177059
0.750549, -0.177059
0.751606, -0.177059
0.752662, -0.177059
0.753719, -0.177059
0.754776, -0.177059
0.755833, -0.177059
0.756890, -0.177059
0.757947, -0.177059
0.759003, -0.177059
0.760059, -0.177059
0.761117, -0.177059
0.762174, -0.177059
0.763231, -0.177059
0.764287, -0.177059
0.765344, -0.177059
0.766401, -0.177059
0.767458, -0.177059
0.768514, -0.177059
0.769571, -0.177059
0.770628, -0.177059
0.771685, -0.177059
0.772741, -0.177059
0.773798, -0.177059
0.774855, -0.177059
0.775911, -0.177059
0.776968, -0.177059
0.778026, -0.177059
0.779083, -0.177059
0.780139, -0.177059
0.781196, -0.177059
0.782253, -0.177059
0.783309, -0.177059
0.784366, -0.177059
0.785423, -0.177059
0.786479, -0.177059
0.787536, -0.177059
0.788593, -0.177059
0.789650, -0.177059
0.790707, -0.177059
0.791763, -0.177059
0.792820, -0.177059
0.793877, -0.177059
0.794933, -0.177059
0.795990, -0.177059
0.797046, -0.177059
0.798103, -0.177059
0.799160, -0.177059
0.800217, -0.177059
0.801274, -0.177059
0.802330, -0.177059
0.803387, -0.177059
0.804443, -0.177059
0.805500, -0.177059
0.806557, -0.177059
0.807613, -0.177059
0.808670, -0.177059
0.809727, -0.177059
0.810784, -0.177059
0.811840, -0.177059
0.812897, -0.177059
0.813954, -0.177059
0.815011, -0.177059
0.816067, -0.177059
0.817124, -0.177059
0.818181, -0.177059
0.819238, -0.177059
0.820294, -0.177059
0.821351, -0.177059
0.822408, -0.177059
0.823465, -0.177059
0.824521, -0.177059
0.825578, -0.177059
0.826635, -0.177059
0.827691, -0.177059
0.828748, -0.177059
0.829805, -0.177059
0.830862, -0.177059
0.831919, -0.177059
0.832975, -0.177059
0.834032, -0.177059
0.835089, -0.177059
0.836145, -0.177059
0.837202, -0.177059
0.838259, -0.177059
0.839315, -0.177059
0.840372, -0.177059
0.841430, -0.177059
0.842487, -0.177059
0.843543, -0.177059
0.844600, -0.177059
0.845657, -0.177059
0.846713, -0.177059
0.847770, -0.177059
0.848826, -0.177059
0.849883, -0.177059
0.850940, -0.177059
0.851998, -0.177059
0.853054, -0.177059
0.854111, -0.177059
0.855168, -0.177059
0.856224, -0.177059
0.857281, -0.177059
0.858338, -0.177059
0.859395, -0.177059
0.860451, -0.177059
0.861508, -0.177059
0.862566, -0.177059
0.863622, -0.177059
0.864679, -0.177059
0.865736, -0.177059
0.866793, -0.177059
0.867850, -0.177059
0.868906, -0.177059
0.869962, -0.177059
0.871019, -0.177059
0.872076, -0.177059
0.873108, -0.177059
0.874164, -0.177059
0.875221, -0.177059
0.876277, -0.177059
0.877333, -0.177059
0.878412, -0.177059
0.879468, -0.177059
0.880525, -0.177059
0.881581, -0.177059
0.882637, -0.177059
0.883694, -0.177059
0.884750, -0.177059
0.885808, -0.177059
0.886864, -0.177059
0.887921, -0.177059
0.888978, -0.177059
0.890035, -0.177059
0.891091, -0.177059
0.892148, -0.177059
0.893205, -0.177059
0.894263, -0.177059
0.895319, -0.177059
0.896376, -0.177059
0.897433, -0.177059
0.898489, -0.177059
0.899546, -0.177059
0.900603, -0.177059
0.901659, -0.177059
0.902716, -0.177059
0.903773, -0.177059
0.904830, -0.177059
0.905887, -0.177059
0.906944, -0.177059
0.908000, -0.177059
0.909057, -0.177059
0.910114, -0.177059
0.911171, -0.177059
0.912227, -0.177059
0.913284, -0.177059
0.914341, -0.177059
0.915398, -0.177059
0.916454, -0.177059
0.917511, -0.177059
0.918568, -0.177059
0.919624, -0.177059
0.920681, -0.177059
0.921738, -0.177059
0.922794, -0.177059
0.923851, -0.177059
0.924908, -0.177059
0.925965, -0.177059
0.927021, -0.177059
0.928078, -0.177059
0.929136, -0.177059
0.930192, -0.177059
0.931249, -0.177059
0.932306, -0.177059
0.933363, -0.177059
0.934419, -0.177059
0.935476, -0.177059
0.936533, -0.177059
0.937590, -0.177059
0.938646, -0.177059
0.939703, -0.177059
0.940759, -0.177059
0.941816, -0.177059
0.942873, -0.177059
0.943930, -0.177059
0.944986, -0.177059
0.946043, -0.177059
0.947100, -0.177059
0.948157, -0.177059
0.949214, -0.177059
0.950271, -0.177059
0.951328, -0.177059
0.952385, -0.177059
0.953442, -0.177059
0.954499, -0.177059
0.955555, -0.177059
0.956612, -0.177059
0.957670, -0.177059
0.958727, -0.177059
0.959784, -0.177059
0.960841, -0.177059
0.961898, -0.177059
0.962955, -0.177059
0.964011, -0.177059
0.965068, -0.177059
0.966125, -0.177059
0.967182, -0.177059
0.968239, -0.177059
0.969296, -0.177059
0.970353, -0.177059
0.971409, -0.177059
0.972466, -0.177059
0.973523, -0.177059
0.974580, -0.177059
0.975637, -0.177059
0.976694, -0.177059
0.977751, -0.177059
0.978809, -0.177059
0.979866, -0.177059
0.980922, -0.177059
0.981979, -0.177059
0.983036, -0.177059
0.984093, -0.177059
0.985150, -0.177059
0.986207, -0.177059
0.987264, -0.177059
0.988320, -0.177059
0.989378, -0.177059
0.990435, -0.177059
0.991492, -0.177059
0.992548, -0.177059
0.993605, -0.177059
0.994662, -0.177059
0.995719, -0.177059
0.996776, -0.177059
0.997833, -0.177059
0.998889, -0.177059
0.999947, -0.177059
1.001004, -0.177059
1.002062, -0.177059
1.003119, -0.177059
1.004177, -0.177059
1.005235, -0.177059
1.006292, -0.177059
1.007348, -0.177059
1.008405, -0.177059
1.009462, -0.177059
1.010520, -0.177059
1.011576, -0.177059
1.012633, -0.177059
1.013689, -0.177059
1.014746, -0.177059
1.015803, -0.177059
1.016860, -0.177059
1.017916, -0.177059
1.018973, -0.177059
0.000000, 0.477995
0.001073, 0.477995
0.002130, 0.477490
0.003185, 0.476683
0.004240, 0.475674
0.005298, 0.474968
0.006354, 0.474060
0.007409, 0.472849
0.008464, 0.471235
0.009519, 0.469823
0.010675, 0.468007
0.011736, 0.465687
0.012796, 0.463366
0.013851, 0.460844
0.014907, 0.458221
0.015966, 0.456304
0.017022, 0.453984
0.018078, 0.451361
0.019134, 0.448233
0.020194, 0.445308
0.021250, 0.442483
0.022306, 0.440062
0.023363, 0.437237
0.024418, 0.434109
0.025476, 0.431083
0.026535, 0.428561
0.027599, 0.425837
0.028662, 0.423415
0.029723, 0.420187
0.030783, 0.416959
0.031841, 0.414134
0.032900, 0.411612
0.033958, 0.409190
0.035015, 0.406466
0.036072, 0.404045
0.037129, 0.401019
0.038186, 0.398295
0.039242, 0.395571
0.040299, 0.392746
0.041357, 0.390224
0.042415, 0.387399
0.043472, 0.384574
0.044538, 0.381850
0.045595, 0.379530
0.046652, 0.376705
0.047719, 0.374082
0.048775, 0.371459
0.049832, 0.369139
0.050888, 0.366314
0.051945, 0.363590
0.053002, 0.360866
0.054059, 0.358546
0.055116, 0.355923
0.056174, 0.353199
0.057230, 0.350475
0.058289, 0.348053
0.059346, 0.345430
0.060403, 0.342908
0.061460, 0.340588
0.062517, 0.337864
0.063574, 0.335140
0.064631, 0.332618
0.065687, 0.329995
0.066744, 0.327473
0.067801, 0.325152
0.068858, 0.322428
0.069915, 0.319805
0.070972, 0.317283
0.072029, 0.314963
0.073086, 0.312743
0.074143, 0.310221
0.075199, 0.307598
0.076257, 0.304975
0.077313, 0.302352
0.078370, 0.300233
0.079427, 0.297711
0.080485, 0.295290
0.081541, 0.292869
0.082598, 0.290347
0.083655, 0.287724
0.084712, 0.285504
0.085769, 0.283184
0.086825, 0.280662
0.087882, 0.278341
0.088939, 0.275819
0.089996, 0.273297
0.091054, 0.271077
0.092111, 0.268656
0.093168, 0.266235
0.094225, 0.263814
0.095281, 0.261392
0.096338, 0.259274
0.097395, 0.256852
0.098452, 0.254229
0.099509, 0.251707
0.100566, 0.249286
0.101623, 0.246966
0.102679, 0.244645
0.103736, 0.242627
0.104793, 0.240206
0.105850, 0.237785
0.106907, 0.235666
0.107964, 0.233245
0.109021, 0.231227
0.110077, 0.228806
0.111134, 0.226284
0.112192, 0.223762
0.113249, 0.221340
0.114306, 0.219525
0.115363, 0.217204
0.116420, 0.214985
0.117477, 0.212664
0.118533, 0.210344
0.119590, 0.207923
0.120647, 0.205804
0.121704, 0.203585
0.122762, 0.201264
0.123819, 0.199045
0.124876, 0.196724
0.125932, 0.194303
0.126989, 0.192285
0.128046, 0.189864
0.129103, 0.187745
0.130160, 0.185728
0.131216, 0.183710
0.132273, 0.181894
0.133331, 0.179574
0.134388, 0.177354
0.135447, 0.174933
0.136506, 0.172713
0.137565, 0.170595
0.138620, 0.168375
0.139676, 0.166559
0.140731, 0.164340
0.141786, 0.162120
0.142840, 0.159901
0.143895, 0.157580
0.144951, 0.155765
0.146007, 0.153646
0.147068, 0.151729
0.148124, 0.149711
0.149179, 0.147593
0.150234, 0.145373
0.151293, 0.143154
0.152349, 0.140934
0.153405, 0.139118
0.154462, 0.137000
0.155517, 0.134982
0.156572, 0.132964
0.157629, 0.130846
0.158684, 0.129030
0.159746, 0.126709
0.160802, 0.124591
0.161857, 0.122674
0.162916, 0.120656
0.163971, 0.118739
0.165032, 0.116822
0.166089, 0.115107
0.167146, 0.112989
0.168202, 0.110870
0.169256, 0.108752
0.170312, 0.106835
0.171369, 0.105120
0.172428, 0.103203
0.173483, 0.101286
0.174538, 0.099268
0.175593, 0.097351
0.176650, 0.095334
0.177707, 0.093518
0.178770, 0.091601
0.179826, 0.089785
0.180882, 0.087767
0.181940, 0.086153
0.182996, 0.084236
0.184051, 0.082319
0.185106, 0.080403
0.186165, 0.078284
0.187221, 0.076367
0.188277, 0.074854
0.189334, 0.073038
0.190391, 0.071222
0.191446, 0.069507
0.192505, 0.067590
0.193566, 0.065774
0.194623, 0.064160
0.195684, 0.062243
0.196739, 0.060326
0.197794, 0.058611
0.198848, 0.056896
0.199910, 0.055080
0.200972, 0.053365
0.202029, 0.051751
0.203085, 0.049935
0.204141, 0.048220
0.205196, 0.046303
0.206252, 0.044487
0.207309, 0.042974
0.208365, 0.041360
0.209421, 0.039544
0.210476, 0.037930
0.211532, 0.036215
0.212588, 0.034499
0.213649, 0.032986
0.214705, 0.031271
0.215761, 0.029556
0.216817, 0.027740
0.217877, 0.026429
0.218933, 0.024915
0.219990, 0.023200
0.221045, 0.021687
0.222101, 0.019972
0.223162, 0.018459
0.224219, 0.016643
0.225275, 0.015028
0.226336, 0.013212
0.227361, 0.011800
0.228463, 0.010287
0.229521, 0.008874
0.230578, 0.007260
0.231635, 0.005747
0.232690, 0.004234
0.233747, 0.002720
0.234804, 0.001106
0.235860, -0.000205
0.236916, -0.001820
0.237972, -0.003434
0.239029, -0.004947
0.240086, -0.006359
0.241142, -0.007671
0.242204, -0.009184
0.243260, -0.010597
0.244316, -0.012009
0.245372, -0.013522
0.246432, -0.015036
0.247489, -0.016448
0.248546, -0.017860
0.249602, -0.019374
0.250658, -0.020887
0.251715, -0.022299
0.252772, -0.023510
0.253828, -0.025023
0.254883, -0.026335
0.255940, -0.027646
0.256996, -0.029059
0.258052, -0.030169
0.259109, -0.031480
0.260165, -0.032892
0.261221, -0.034305
0.262277, -0.035717
0.263334, -0.037130
0.264390, -0.038239
0.265451, -0.039551
0.266508, -0.040963
0.267563, -0.042275
0.268619, -0.043586
0.269676, -0.044999
0.270734, -0.046109
0.271790, -0.047521
0.272846, -0.048832
0.273903, -0.050144
0.274960, -0.051455
0.276017, -0.052767
0.277073, -0.053877
0.278130, -0.054987
0.279185, -0.056197
0.280241, -0.057509
0.281297, -0.058719
0.282357, -0.059728
0.283414, -0.061040
0.284470, -0.062250
0.285527, -0.063663
0.286583, -0.064873
0.287639, -0.065983
0.288700, -0.067295
0.289756, -0.068505
0.290811, -0.069716
0.291868, -0.070826
0.292930, -0.071935
0.293986, -0.073045
0.295043, -0.074155
0.296099, -0.075265
0.297155, -0.076475
0.298211, -0.077585
0.299268, -0.078796
0.300323, -0.079804
0.301379, -0.080914
0.302435, -0.082125
0.303491, -0.083335
0.304547, -0.084445
0.305607, -0.085353
0.306663, -0.086463
0.307720, -0.087371
0.308775, -0.088481
0.309834, -0.089590
0.310889, -0.090599
0.311951, -0.091608
0.313007, -0.092516
0.314063, -0.093626
0.315119, -0.094635
0.316175, -0.095744
0.317231, -0.096753
0.318291, -0.097762
0.319348, -0.098872
0.320410, -0.099881
0.321466, -0.100890
0.322522, -0.101899
0.323579, -0.102706
0.324639, -0.103614
0.325695, -0.104522
0.326751, -0.105530
0.327810, -0.106438
0.328867, -0.107346
0.329923, -0.108153
0.330979, -0.109162
0.332035, -0.110070
0.333090, -0.110978
0.334147, -0.111886
0.335203, -0.112794
0.336259, -0.113601
0.337316, -0.114610
0.338372, -0.115518
0.339427, -0.116426
0.340483, -0.117334
0.341543, -0.118141
0.342599, -0.118948
0.343656, -0.119755
0.344711, -0.120562
0.345770, -0.121571
0.346826, -0.122378
0.347883, -0.123085
0.348940, -0.123791
0.349996, -0.124598
0.351052, -0.125506
0.352108, -0.126313
0.353165, -0.127120
0.354221, -0.127826
0.355276, -0.128633
0.356333, -0.129440
0.357389, -0.130248
0.358446, -0.130954
0.359502, -0.131761
0.360558, -0.132568
0.361614, -0.133274
0.362671, -0.134081
0.363727, -0.134687
0.364783, -0.135292
0.365843, -0.135998
0.366899, -0.136704
0.367954, -0.137410
0.369011, -0.138117
0.370072, -0.138823
0.371129, -0.139327
0.372185, -0.140033
0.373241, -0.140639
0.374297, -0.141345
0.375355, -0.142051
0.376411, -0.142657
0.377467, -0.143161
0.378523, -0.143867
0.379580, -0.144472
0.380636, -0.145078
0.381692, -0.145784
0.382752, -0.146288
0.383809, -0.146995
0.384865, -0.147701
0.385920, -0.148306
0.386980, -0.148911
0.388039, -0.149416
0.389096, -0.150021
0.390153, -0.150526
0.391209, -0.151131
0.392269, -0.151736
0.393326, -0.152342
0.394382, -0.152745
0.395438, -0.153350
0.396494, -0.153855
0.397550, -0.154359
0.398605, -0.154864
0.399662, -0.155368
0.400718, -0.155772
0.401774, -0.156276
0.402830, -0.156680
0.403886, -0.157184
0.404942, -0.157689
0.406001, -0.158092
0.407058, -0.158496
0.408114, -0.158899
0.409169, -0.159303
0.410228, -0.159706
0.411284, -0.160110
0.412342, -0.160513
0.413398, -0.160917
0.414454, -0.161320
0.415510, -0.161724
0.416566, -0.162128
0.417621, -0.162430
0.418677, -0.162733
0.419733, -0.163136
0.420789, -0.163540
0.421844, -0.163843
0.422900, -0.164145
0.423957, -0.164448
0.425013, -0.164751
0.426068, -0.165154
0.427124, -0.165457
0.428181, -0.165759
0.429237, -0.166062
0.430293, -0.166264
0.431353, -0.166567
0.432410, -0.166768
0.433466, -0.167071
0.434522, -0.167273
0.435578, -0.167474
0.436634, -0.167676
0.437690, -0.167878
0.438749, -0.168080
0.439808, -0.168282
0.440866, -0.168483
0.441922, -0.168685
0.442979, -0.168887
0.444034, -0.169089
0.445109, -0.169290
0.446167, -0.169492
0.447223, -0.169694
0.448279, -0.169795
0.449335, -0.169997
0.450391, -0.170198
0.451446, -0.170299
0.452502, -0.170400
0.453558, -0.170602
0.454614, -0.170703
0.455674, -0.170804
0.456730, -0.170905
0.457785, -0.171006
0.458841, -0.171106
0.459897, -0.171207
0.460952, -0.171207
0.462007, -0.171308
0.463063, -0.171409
0.464120, -0.171510
0.465176, -0.171510
0.466232, -0.171611
0.467287, -0.171611
0.468342, -0.171611
0.469398, -0.171712
0.470457, -0.171712
0.471513, -0.171712
0.472569, -0.171712
0.473624, -0.171813
0.474684, -0.171813
0.475740, -0.171813
0.476796, -0.171813
0.477853, -0.171712
0.478909, -0.171712
0.479964, -0.171712
0.481021, -0.171712
0.482077, -0.171712
0.483132, -0.171611
0.484189, -0.171611
0.485244, -0.171611
0.486299, -0.171510
0.487355, -0.171510
0.488415, -0.171510
0.489471, -0.171409
0.490532, -0.171409
0.491587, -0.171308
0.492643, -0.171308
0.493699, -0.171308
0.494754, -0.171207
0.495810, -0.171207
0.496865, -0.171106
0.497921, -0.171106
0.498979, -0.171006
0.500035, -0.171006
0.501091, -0.171006
0.502147, -0.170905
0.503205, -0.170905
0.504261, -0.170804
0.505322, -0.170804
0.506378, -0.170804
0.507434, -0.170703
0.508490, -0.170703
0.509545, -0.170703
0.510601, -0.170602
0.511657, -0.170602
0.512717, -0.170602
0.513773, -0.170501
0.514829, -0.170501
0.515884, -0.170501
0.516945, -0.170400
0.518002, -0.170400
0.519058, -0.170400
0.520114, -0.170400
0.521169, -0.170299
0.522226, -0.170299
0.523282, -0.170299
0.524338, -0.170299
0.525397, -0.170299
0.526466, -0.170198
0.527530, -0.170198
0.528592, -0.170198
0.529647, -0.170198
0.530702, -0.170198
0.531758, -0.170198
0.532814, -0.170198
0.533870, -0.170198
0.534927, -0.170098
0.535982, -0.170098
0.537040, -0.170098
0.538099, -0.170098
0.539155, -0.170098
0.540212, -0.170098
0.541268, -0.170098
0.542324, -0.170098
0.543379, -0.170098
0.544434, -0.170098
0.545490, -0.170098
0.546546, -0.170098
0.547601, -0.170098
0.548657, -0.170098
0.549712, -0.170098
0.550771, -0.170098
0.551832, -0.170098
0.552888, -0.170098
0.553945, -0.170098
0.555002, -0.170098
0.556059, -0.170098
0.557117, -0.170098
0.558178, -0.170098
0.559241, -0.170098
0.560304, -0.170098
0.561366, -0.170098
0.562426, -0.170098
0.563484, -0.170098
0.564541, -0.170098
0.565614, -0.170098
0.566672, -0.170098
0.567730, -0.170098
0.568787, -0.170098
0.569844, -0.170098
0.570901, -0.170098
0.571958, -0.170098
0.573031, -0.170098
0.574105, -0.170098
0.575163, -0.170098
0.576220, -0.170098
0.577277, -0.170098
0.578333, -0.170098
0.579391, -0.170098
0.580447, -0.170098
0.581504, -0.170098
0.582562, -0.170098
0.583620, -0.170098
0.584693, -0.170098
0.585751, -0.170098
0.586808, -0.170098
0.587864, -0.170098
0.588921, -0.170098
0.589979, -0.170098
0.591036, -0.170098
0.592093, -0.170098
0.593151, -0.170098
0.594208, -0.170098
0.595266, -0.170098
0.596323, -0.170098
0.597379, -0.170098
0.598437, -0.170098
0.599495, -0.170098
0.600551, -0.170098
0.601623, -0.170098
0.602679, -0.170098
0.603738, -0.170098
0.604796, -0.170098
0.605853, -0.170098
0.606910, -0.170098
0.607968, -0.170098
0.609025, -0.170098
0.610081, -0.170098
0.611138, -0.170098
0.612195, -0.170098
0.613258, -0.170098
0.614315, -0.170098
0.615373, -0.170098
0.616430, -0.170098
0.617486, -0.170098
0.618542, -0.170098
0.619598, -0.170098
0.620654, -0.170098
0.621709, -0.170098
0.622764, -0.170098
0.623819, -0.170098
0.624874, -0.170098
0.625931, -0.170098
0.626987, -0.170098
0.628042, -0.170098
0.629097, -0.170098
0.630152, -0.170098
0.631207, -0.170098
0.632262, -0.170098
0.633317, -0.170098
0.634373, -0.170098
0.635429, -0.170098
0.636485, -0.170098
0.637540, -0.170098
0.638595, -0.170098
0.639651, -0.170098
0.640706, -0.170098
0.641761, -0.170098
0.642817, -0.170098
0.643872, -0.170098
0.644927, -0.170098
0.645982, -0.170098
0.647039, -0.170098
0.648094, -0.170098
0.649150, -0.170098
0.650205, -0.170098
0.651260, -0.170098
0.652316, -0.170098
0.653372, -0.170098
0.654428, -0.170098
0.655483, -0.170098
0.656538, -0.170098
0.657594, -0.170098
0.658651, -0.170098
0.659707, -0.170098
0.660763, -0.170098
0.661850, -0.170098
0.662905, -0.170098
0.663961, -0.170098
0.665017, -0.170098
0.666072, -0.170098
0.667128, -0.170098
0.668184, -0.170098
0.669239, -0.170098
0.670296, -0.170098
0.671353, -0.170098
0.672409, -0.170098
0.673464, -0.170098
0.674519, -0.170098
0.675575, -0.170098
0.676632, -0.170098
0.677688, -0.170098
0.678744, -0.170098
0.679800, -0.170098
0.680855, -0.170098
0.681910, -0.170098
0.682965, -0.170098
0.684021, -0.170098
0.685076, -0.170098
0.686131, -0.170098
0.687187, -0.170098
0.688242, -0.170098
0.689298, -0.170098
0.690353, -0.170098
0.691408, -0.170098
0.692464, -0.170098
0.693519, -0.170098
0.694574, -0.170098
0.695630, -0.170098
0.696685, -0.170098
0.697742, -0.170098
0.698798, -0.170098
0.699854, -0.170098
0.700909, -0.170098
0.701964, -0.170098
0.703020, -0.170098
0.704075, -0.170098
0.705130, -0.170098
0.706185, -0.170098
0.707240, -0.170098
0.708296, -0.170098
0.709351, -0.170098
0.710406, -0.170098
0.711461, -0.170098
0.712517, -0.170098
0.713572, -0.170098
0.714628, -0.170098
0.715683, -0.170098
0.716738, -0.170098
0.717793, -0.170098
0.718849, -0.170098
0.719904, -0.170098
0.720961, -0.170098
0.722017, -0.170098
0.723073, -0.170098
0.724128, -0.170098
0.725184, -0.170098
0.726239, -0.170098
0.727294, -0.170098
0.728350, -0.170098
0.729406, -0.170098
0.730461, -0.170098
0.731518, -0.170098
0.732573, -0.170098
0.733629, -0.170098
0.734684, -0.170098
0.735739, -0.170098
0.736795, -0.170098
0.737850, -0.170098
0.738905, -0.170098
0.739962, -0.170098
0.741017, -0.170098
0.742072, -0.170098
0.743128, -0.170098
0.744184, -0.170098
0.745239, -0.170098
0.746294, -0.170098
0.747350, -0.170098
0.748406, -0.170098
0.749462, -0.170098
0.750519, -0.170098
0.751575, -0.170098
0.752630, -0.170098
0.753685, -0.170098
0.754741, -0.170098
0.755797, -0.170098
0.756853, -0.170098
0.757908, -0.170098
0.758963, -0.170098
0.760019, -0.170098
0.761074, -0.170098
0.762133, -0.170098
0.763193, -0.170098
0.764250, -0.170098
0.765307, -0.170098
0.766364, -0.170098
0.767421, -0.170098
0.768478, -0.170098
0.769535, -0.170098
0.770591, -0.170098
0.771648, -0.170098
0.772705, -0.170098
0.773762, -0.170098
0.774818, -0.170098
0.775876, -0.170098
0.776932, -0.170098
0.777990, -0.170098
0.779046, -0.170098
0.780103, -0.170098
0.781160, -0.170098
0.782218, -0.170098
0.783274, -0.170098
0.784332, -0.170098
0.785388, -0.170098
0.786445, -0.170098
0.787501, -0.170098
0.788558, -0.170098
0.789615, -0.170098
0.790672, -0.170098
0.791729, -0.170098
0.792786, -0.170098
0.793843, -0.170098
0.794900, -0.170098
0.795957, -0.170098
0.797013, -0.170098
0.798070, -0.170098
0.799126, -0.170098
0.800183, -0.170098
0.801240, -0.170098
0.802297, -0.170098
0.803355, -0.170098
0.804412, -0.170098
0.805468, -0.170098
0.806525, -0.170098
0.807582, -0.170098
0.808639, -0.170098
0.809695, -0.170098
0.810752, -0.170098
0.811809, -0.170098
0.812866, -0.170098
0.813923, -0.170098
0.814979, -0.170098
0.816036, -0.170098
0.817093, -0.170098
0.818150, -0.170098
0.819206, -0.170098
0.820263, -0.170098
0.821320, -0.170098
0.822377, -0.170098
0.823433, -0.170098
0.824491, -0.170098
0.825547, -0.170098
0.826604, -0.170098
0.827661, -0.170098
0.828718, -0.170098
0.829774, -0.170098
0.830831, -0.170098
0.831888, -0.170098
0.832944, -0.170098
0.834001, -0.170098
0.835059, -0.170098
0.836116, -0.170098
0.837172, -0.170098
0.838229, -0.170098
0.839286, -0.170098
0.840343, -0.170098
0.841399, -0.170098
0.842456, -0.170098
0.843513, -0.170098
0.844570, -0.170098
0.845628, -0.170098
0.846684, -0.170098
0.847741, -0.170098
0.848798, -0.170098
0.849855, -0.170098
0.850911, -0.170098
0.851968, -0.170098
0.853025, -0.170098
0.854082, -0.170098
0.855138, -0.170098
0.856196, -0.170098
0.857253, -0.170098
0.858309, -0.170098
0.859366, -0.170098
0.860423, -0.170098
0.861479, -0.170098
0.862536, -0.170098
0.863593, -0.170098
0.864650, -0.170098
0.865706, -0.170098
0.866764, -0.170098
0.867821, -0.170098
0.868878, -0.170098
0.869934, -0.170098
0.870991, -0.170098
0.872048, -0.170098
0.873105, -0.170098
0.874161, -0.170098
0.875218, -0.170098
0.876275, -0.170098
0.877333, -0.170098
0.878418, -0.170098
0.879475, -0.170098
0.880532, -0.170098
0.881589, -0.170098
0.882645, -0.170098
0.883702, -0.170098
0.884759, -0.170098
0.885816, -0.170098
0.886872, -0.170098
0.887930, -0.170098
0.888987, -0.170098
0.890043, -0.170098
0.891100, -0.170098
0.892157, -0.170098
0.893214, -0.170098
0.894270, -0.170098
0.895327, -0.170098
0.896384, -0.170098
0.897440, -0.170098
0.898498, -0.170098
0.899555, -0.170098
0.900612, -0.170098
0.901668, -0.170098
0.902725, -0.170098
0.903782, -0.170098
0.904839, -0.170098
0.905895, -0.170098
0.906952, -0.170098
0.908009, -0.170098
0.909067, -0.170098
0.910123, -0.170098
0.911180, -0.170098
0.912237, -0.170098
0.913294, -0.170098
0.914351, -0.170098
0.915408, -0.170098
0.916464, -0.170098
0.917521, -0.170098
0.918578, -0.170098
0.919636, -0.170098
0.920693, -0.170098
0.921749, -0.170098
0.922806, -0.170098
0.923863, -0.170098
0.924920, -0.170098
0.925976, -0.170098
0.927033, -0.170098
0.928090, -0.170098
0.929147, -0.170098
0.930204, -0.170098
0.931261, -0.170098
0.932318, -0.170098
0.933375, -0.170098
0.934431, -0.170098
0.935488, -0.170098
0.936545, -0.170098
0.937601, -0.170098
0.938658, -0.170098
0.939715, -0.170098
0.940772, -0.170098
0.941829, -0.170098
0.942886, -0.170098
0.943943, -0.170098
0.945000, -0.170098
0.946056, -0.170098
0.947114, -0.170098
0.948171, -0.170098
0.949228, -0.170098
0.950284, -0.170098
0.951341, -0.170098
0.952401, -0.170098
0.953457, -0.170098
0.954513, -0.170098
0.955571, -0.170098
0.956628, -0.170098
0.957685, -0.170098
0.958742, -0.170098
0.959799, -0.170098
0.960855, -0.170098
0.961912, -0.170098
0.962968, -0.170098
0.964025, -0.170098
0.965083, -0.170098
0.966140, -0.170098
0.967196, -0.170098
0.968254, -0.170098
0.969310, -0.170098
0.970366, -0.170098
0.971423, -0.170098
0.972481, -0.170098
0.973537, -0.170098
0.974594, -0.170098
0.975651, -0.170098
0.976708, -0.170098
0.977765, -0.170098
0.978822, -0.170098
0.979879, -0.170098
0.980937, -0.170098
0.981993, -0.170098
0.983051, -0.170098
0.984109, -0.170098
0.985165, -0.170098
0.986221, -0.170098
0.987278, -0.170098
0.988335, -0.170098
0.989393, -0.170098
0.990450, -0.170098
0.991507, -0.170098
0.992563, -0.170098
0.993621, -0.170098
0.994677, -0.170098
0.995738, -0.170098
0.996795, -0.170098
0.997852, -0.170098
0.998909, -0.170098
0.999966, -0.170098
1.001023, -0.170098
1.002080, -0.170098
1.003136, -0.170098
1.004195, -0.170098
1.005252, -0.170098
1.006309, -0.170098
1.007365, -0.170098
1.008422, -0.170098
1.009478, -0.170098
1.010537, -0.170098
