0.000000, 0.477188
0.001092, 0.477188
0.002165, 0.476683
0.003246, 0.475876
0.004329, 0.475069
0.005391, 0.473959
0.006452, 0.472446
0.007510, 0.470933
0.008570, 0.469318
0.009630, 0.467704
0.010690, 0.465485
0.011749, 0.462963
0.012806, 0.460138
0.013863, 0.456909
0.014919, 0.453580
0.015977, 0.450856
0.017033, 0.447830
0.018091, 0.444400
0.019152, 0.440969
0.020212, 0.437741
0.021270, 0.434311
0.022327, 0.431184
0.023385, 0.427451
0.024444, 0.423819
0.025505, 0.420389
0.026565, 0.416858
0.027623, 0.413831
0.028681, 0.410502
0.029738, 0.407173
0.030795, 0.403743
0.031852, 0.400615
0.032909, 0.397286
0.033967, 0.393755
0.035024, 0.390627
0.036081, 0.387197
0.037138, 0.384070
0.038199, 0.380740
0.039268, 0.377411
0.040325, 0.374183
0.041382, 0.371459
0.042443, 0.368231
0.043500, 0.364901
0.044556, 0.361471
0.045613, 0.358142
0.046679, 0.355015
0.047735, 0.352089
0.048792, 0.349365
0.049849, 0.346237
0.050905, 0.343009
0.051962, 0.339781
0.053019, 0.336653
0.054081, 0.333929
0.055139, 0.330600
0.056196, 0.327473
0.057252, 0.324446
0.058308, 0.321419
0.059369, 0.318494
0.060429, 0.315568
0.061489, 0.312441
0.062548, 0.309212
0.063604, 0.306085
0.064660, 0.303260
0.065716, 0.300536
0.066771, 0.297509
0.067827, 0.294382
0.068883, 0.291456
0.069939, 0.288531
0.070995, 0.285605
0.072050, 0.282982
0.073108, 0.279854
0.074165, 0.276828
0.075223, 0.273801
0.076295, 0.271380
0.077367, 0.268253
0.078424, 0.265125
0.079480, 0.262098
0.080536, 0.259576
0.081592, 0.256651
0.082648, 0.253927
0.083704, 0.251102
0.084760, 0.248075
0.085817, 0.245150
0.086873, 0.242426
0.087928, 0.239601
0.088983, 0.236877
0.090040, 0.234052
0.091097, 0.231227
0.092153, 0.228403
0.093208, 0.225779
0.094265, 0.223056
0.095320, 0.220130
0.096377, 0.217204
0.097433, 0.214884
0.098488, 0.212160
0.099544, 0.209436
0.100600, 0.206914
0.101656, 0.204089
0.102713, 0.201062
0.103769, 0.198540
0.104825, 0.195816
0.105881, 0.193092
0.106937, 0.190570
0.107992, 0.187947
0.109047, 0.185627
0.110103, 0.183004
0.111158, 0.180381
0.112214, 0.178060
0.113269, 0.175538
0.114324, 0.173319
0.115381, 0.170292
0.116436, 0.167568
0.117491, 0.164844
0.118547, 0.162221
0.119602, 0.159699
0.120657, 0.157580
0.121712, 0.154857
0.122768, 0.152234
0.123823, 0.149711
0.124879, 0.147088
0.125962, 0.144566
0.127031, 0.142246
0.128089, 0.139825
0.129143, 0.137504
0.130198, 0.134982
0.131254, 0.132460
0.132309, 0.130442
0.133365, 0.128021
0.134420, 0.125801
0.135475, 0.123380
0.136532, 0.120858
0.137591, 0.118336
0.138654, 0.115915
0.139712, 0.113897
0.140768, 0.111576
0.141824, 0.109357
0.142879, 0.106936
0.143935, 0.104514
0.144990, 0.102396
0.146045, 0.100075
0.147101, 0.097856
0.148156, 0.095636
0.149212, 0.093518
0.150267, 0.091601
0.151340, 0.089281
0.152422, 0.086658
0.153503, 0.084438
0.154585, 0.082219
0.155667, 0.079999
0.156749, 0.077981
0.157831, 0.075863
0.158914, 0.073542
0.159996, 0.071424
0.161077, 0.069204
0.162159, 0.067086
0.163240, 0.064967
0.164322, 0.063050
0.165404, 0.061133
0.166486, 0.059015
0.167568, 0.056896
0.168650, 0.054878
0.169732, 0.052760
0.170814, 0.050540
0.171896, 0.048523
0.172978, 0.046606
0.174059, 0.044992
0.175141, 0.043075
0.176223, 0.040956
0.177304, 0.038737
0.178386, 0.036719
0.179468, 0.034802
0.180529, 0.033188
0.181610, 0.031271
0.182693, 0.029253
0.183775, 0.027337
0.184856, 0.025420
0.185938, 0.023604
0.187020, 0.021687
0.188102, 0.019871
0.189159, 0.018257
0.190239, 0.016441
0.191321, 0.014625
0.192402, 0.013011
0.193484, 0.011195
0.194566, 0.009278
0.195648, 0.007361
0.196730, 0.005545
0.197811, 0.003931
0.198893, 0.002216
0.199976, 0.000501
0.201060, -0.001214
0.202143, -0.002728
0.203220, -0.004342
0.204302, -0.005956
0.205384, -0.007570
0.206466, -0.009184
0.207549, -0.010899
0.208630, -0.012513
0.209712, -0.014128
0.210771, -0.015641
0.211829, -0.017255
0.212885, -0.018768
0.213941, -0.020282
0.215003, -0.021795
0.216065, -0.023409
0.217123, -0.024721
0.218179, -0.026234
0.219236, -0.027747
0.220293, -0.029261
0.221349, -0.030572
0.222405, -0.031884
0.223463, -0.033296
0.224519, -0.034608
0.225575, -0.035919
0.226632, -0.037331
0.227719, -0.038744
0.228812, -0.040156
0.229871, -0.041569
0.230929, -0.042981
0.231986, -0.044192
0.233043, -0.045503
0.234104, -0.046815
0.235164, -0.048126
0.236221, -0.049438
0.237279, -0.050447
0.238338, -0.051657
0.239398, -0.052868
0.240455, -0.054079
0.241513, -0.055289
0.242570, -0.056601
0.243627, -0.057610
0.244683, -0.058820
0.245738, -0.060031
0.246795, -0.061241
0.247851, -0.062351
0.248908, -0.063360
0.249965, -0.064470
0.251022, -0.065680
0.252078, -0.066689
0.253133, -0.067698
0.254188, -0.068808
0.255243, -0.069918
0.256299, -0.070826
0.257357, -0.071935
0.258413, -0.073045
0.259468, -0.074054
0.260524, -0.075164
0.261579, -0.075971
0.262633, -0.076980
0.263688, -0.077989
0.264743, -0.078897
0.265798, -0.079804
0.266852, -0.080612
0.267926, -0.081620
0.269008, -0.082428
0.270089, -0.083335
0.271170, -0.084143
0.272252, -0.085151
0.273333, -0.085959
0.274414, -0.086867
0.275497, -0.087774
0.276578, -0.088682
0.277659, -0.089490
0.278734, -0.090398
0.279816, -0.091205
0.280892, -0.092012
0.281974, -0.092819
0.283057, -0.093626
0.284139, -0.094332
0.285223, -0.095139
0.286305, -0.095845
0.287389, -0.096652
0.288471, -0.097359
0.289553, -0.098065
0.290635, -0.098670
0.291719, -0.099275
0.292801, -0.099881
0.293882, -0.100587
0.294965, -0.101293
0.296047, -0.101999
0.297129, -0.102605
0.298211, -0.103210
0.299293, -0.103815
0.300370, -0.104320
0.301453, -0.104925
0.302535, -0.105530
0.303601, -0.106136
0.304666, -0.106741
0.305732, -0.107245
0.306794, -0.107851
0.307857, -0.108254
0.308918, -0.108860
0.309976, -0.109364
0.311035, -0.109869
0.312093, -0.110373
0.313151, -0.110877
0.314207, -0.111382
0.315265, -0.111785
0.316322, -0.112290
0.317379, -0.112693
0.318435, -0.113097
0.319492, -0.113601
0.320549, -0.114005
0.321608, -0.114408
0.322668, -0.114711
0.323729, -0.115115
0.324786, -0.115417
0.325844, -0.115821
0.326904, -0.116123
0.327961, -0.116426
0.329017, -0.116830
0.330076, -0.117132
0.331132, -0.117435
0.332188, -0.117738
0.333244, -0.118040
0.334303, -0.118343
0.335361, -0.118646
0.336418, -0.118847
0.337479, -0.119150
0.338554, -0.119453
0.339619, -0.119654
0.340676, -0.119957
0.341733, -0.120159
0.342790, -0.120361
0.343847, -0.120562
0.344906, -0.120764
0.345963, -0.120966
0.347020, -0.121168
0.348076, -0.121269
0.349133, -0.121470
0.350189, -0.121672
0.351246, -0.121773
0.352304, -0.121874
0.353360, -0.121975
0.354417, -0.122076
0.355473, -0.122177
0.356530, -0.122278
0.357591, -0.122378
0.358648, -0.122479
0.359704, -0.122479
0.360761, -0.122580
0.361818, -0.122580
0.362874, -0.122681
0.363931, -0.122681
0.364990, -0.122681
0.366046, -0.122681
0.367103, -0.122681
0.368159, -0.122681
0.369218, -0.122681
0.370279, -0.122681
0.371335, -0.122580
0.372391, -0.122580
0.373448, -0.122580
0.374508, -0.122479
0.375564, -0.122479
0.376621, -0.122479
0.377678, -0.122378
0.378734, -0.122378
0.379790, -0.122278
0.380846, -0.122278
0.381904, -0.122177
0.382960, -0.122177
0.384017, -0.122177
0.385073, -0.122076
0.386129, -0.122076
0.387185, -0.121975
0.388242, -0.121975
0.389298, -0.121975
0.390355, -0.121874
0.391411, -0.121874
0.392468, -0.121773
0.393524, -0.121773
0.394580, -0.121773
0.395637, -0.121672
0.396693, -0.121672
0.397749, -0.121672
0.398806, -0.121571
0.399862, -0.121571
0.400924, -0.121571
0.401981, -0.121571
0.403039, -0.121571
0.404099, -0.121470
0.405162, -0.121470
0.406222, -0.121470
0.407281, -0.121470
0.408339, -0.121470
0.409410, -0.121470
0.410493, -0.121470
0.411553, -0.121470
0.412610, -0.121370
0.413667, -0.121370
0.414724, -0.121370
0.415781, -0.121370
0.416838, -0.121370
0.417894, -0.121370
0.418951, -0.121370
0.420013, -0.121370
0.421082, -0.121370
0.422148, -0.121370
0.423208, -0.121370
0.424266, -0.121370
0.425326, -0.121470
0.426386, -0.121470
0.427448, -0.121470
0.428508, -0.121470
0.429564, -0.121470
0.430622, -0.121470
0.431679, -0.121470
0.432736, -0.121470
0.433792, -0.121470
0.434850, -0.121470
0.435913, -0.121470
0.436974, -0.121470
0.438034, -0.121470
0.439095, -0.121470
0.440158, -0.121470
0.441215, -0.121470
0.442272, -0.121470
0.443330, -0.121470
0.444389, -0.121470
0.445445, -0.121470
0.446536, -0.121470
0.447591, -0.121470
0.448647, -0.121470
0.449703, -0.121470
0.450761, -0.121470
0.451820, -0.121470
0.452878, -0.121470
0.453935, -0.121470
0.454993, -0.121470
0.456050, -0.121470
0.457107, -0.121470
0.458164, -0.121470
0.459221, -0.121470
0.460277, -0.121470
0.461333, -0.121470
0.462389, -0.121470
0.463450, -0.121470
0.464511, -0.121470
0.465570, -0.121470
0.466627, -0.121470
0.467684, -0.121470
0.468742, -0.121470
0.469799, -0.121470
0.470857, -0.121470
0.471929, -0.121470
0.472986, -0.121470
0.474042, -0.121470
0.475097, -0.121470
0.476154, -0.121470
0.477209, -0.121470
0.478264, -0.121470
0.479320, -0.121470
0.480376, -0.121470
0.481431, -0.121470
0.482486, -0.121470
0.483541, -0.121470
0.484598, -0.121470
0.485655, -0.121470
0.486712, -0.121470
0.487767, -0.121470
0.488822, -0.121470
0.489877, -0.121470
0.490934, -0.121470
0.491989, -0.121470
0.493044, -0.121470
0.494099, -0.121470
0.495156, -0.121470
0.496212, -0.121470
0.497269, -0.121470
0.498324, -0.121470
0.499380, -0.121470
0.500436, -0.121470
0.501491, -0.121470
0.502546, -0.121470
0.503601, -0.121470
0.504657, -0.121470
0.505712, -0.121470
0.506767, -0.121470
0.507822, -0.121470
0.508877, -0.121470
0.509932, -0.121470
0.511013, -0.121470
0.512072, -0.121470
0.513135, -0.121470
0.514194, -0.121470
0.515251, -0.121470
0.516309, -0.121470
0.517367, -0.121470
0.518424, -0.121470
0.519482, -0.121470
0.520541, -0.121470
0.521598, -0.121470
0.522655, -0.121470
0.523712, -0.121470
0.524771, -0.121470
0.525830, -0.121470
0.526889, -0.121470
0.527947, -0.121470
0.529003, -0.121470
0.530059, -0.121470
0.531115, -0.121470
0.532172, -0.121470
0.533227, -0.121470
0.534287, -0.121470
0.535347, -0.121470
0.536403, -0.121470
0.537462, -0.121470
0.538532, -0.121470
0.539620, -0.121470
0.540679, -0.121470
0.541736, -0.121470
0.542793, -0.121470
0.543851, -0.121470
0.544910, -0.121470
0.545966, -0.121470
0.547022, -0.121470
0.548079, -0.121470
0.549136, -0.121470
0.550192, -0.121470
0.551275, -0.121470
0.552357, -0.121470
0.553413, -0.121470
0.554474, -0.121470
0.555531, -0.121470
0.556588, -0.121470
0.557645, -0.121470
0.558701, -0.121470
0.559758, -0.121470
0.560820, -0.121470
0.561876, -0.121470
0.562934, -0.121470
0.563990, -0.121470
0.565048, -0.121470
0.566103, -0.121470
0.567164, -0.121470
0.568221, -0.121470
0.569278, -0.121470
0.570334, -0.121470
0.571391, -0.121470
0.572448, -0.121470
0.573509, -0.121470
0.574565, -0.121470
0.575622, -0.121470
0.576678, -0.121470
0.577735, -0.121470
0.578796, -0.121470
0.579853, -0.121470
0.580909, -0.121470
0.581965, -0.121470
0.583026, -0.121470
0.584083, -0.121470
0.585140, -0.121470
0.586197, -0.121470
0.587254, -0.121470
0.588310, -0.121470
0.589366, -0.121470
0.590422, -0.121470
0.591484, -0.121470
0.592540, -0.121470
0.593597, -0.121470
0.594654, -0.121470
0.595713, -0.121470
0.596769, -0.121470
0.597827, -0.121470
0.598884, -0.121470
0.599942, -0.121470
0.600999, -0.121470
0.602056, -0.121470
0.603112, -0.121470
0.604170, -0.121470
0.605242, -0.121470
0.606300, -0.121470
0.607357, -0.121470
0.608414, -0.121470
0.609470, -0.121470
0.610527, -0.121470
0.611584, -0.121470
0.612640, -0.121470
0.613696, -0.121470
0.614752, -0.121470
0.615808, -0.121470
0.616864, -0.121470
0.617921, -0.121470
0.618983, -0.121470
0.620050, -0.121470
0.621106, -0.121470
0.622163, -0.121470
0.623220, -0.121470
0.624277, -0.121470
0.625338, -0.121470
0.626396, -0.121470
0.627462, -0.121470
0.628519, -0.121470
0.629580, -0.121470
0.630636, -0.121470
0.631693, -0.121470
0.632754, -0.121470
0.633811, -0.121470
0.634868, -0.121470
0.635925, -0.121470
0.636982, -0.121470
0.638045, -0.121470
0.639110, -0.121470
0.640167, -0.121470
0.641224, -0.121470
0.642280, -0.121470
0.643341, -0.121470
0.644397, -0.121470
0.645454, -0.121470
0.646510, -0.121470
0.647569, -0.121470
0.648625, -0.121470
0.649681, -0.121470
0.650739, -0.121470
0.651797, -0.121470
0.652853, -0.121470
0.653909, -0.121470
0.654966, -0.121470
0.656028, -0.121470
0.657088, -0.121470
0.658160, -0.121470
0.659233, -0.121470
0.660306, -0.121470
0.661386, -0.121470
0.662497, -0.121470
0.663580, -0.121470
0.664662, -0.121470
0.665744, -0.121470
0.666826, -0.121470
0.667908, -0.121470
0.668990, -0.121470
0.670072, -0.121470
0.671155, -0.121470
0.672237, -0.121470
0.673319, -0.121470
0.674401, -0.121470
0.675485, -0.121470
0.676567, -0.121470
0.677649, -0.121470
0.678733, -0.121470
0.679815, -0.121470
0.680896, -0.121470
0.681978, -0.121470
0.683060, -0.121470
0.684142, -0.121470
0.685224, -0.121470
0.686307, -0.121470
0.687389, -0.121470
0.688471, -0.121470
0.689553, -0.121470
0.690635, -0.121470
0.691717, -0.121470
0.692799, -0.121470
0.693881, -0.121470
0.694963, -0.121470
0.696045, -0.121470
0.697128, -0.121470
0.698210, -0.121470
0.699292, -0.121470
0.700372, -0.121470
0.701447, -0.121470
0.702520, -0.121470
0.703600, -0.121470
0.704682, -0.121470
0.705764, -0.121470
0.706847, -0.121470
0.707929, -0.121470
0.709010, -0.121470
0.710093, -0.121470
0.711152, -0.121470
0.712212, -0.121470
0.713270, -0.121470
0.714327, -0.121470
0.715384, -0.121470
0.716443, -0.121470
0.717506, -0.121470
0.718566, -0.121470
0.719623, -0.121470
0.720679, -0.121470
0.721739, -0.121470
0.722797, -0.121470
0.723854, -0.121470
0.724914, -0.121470
0.725972, -0.121470
0.727050, -0.121470
0.728107, -0.121470
0.729164, -0.121470
0.730221, -0.121470
0.731278, -0.121470
0.732349, -0.121470
0.733414, -0.121470
0.734458, -0.121470
0.735518, -0.121470
0.736574, -0.121470
0.737633, -0.121470
0.738693, -0.121470
0.739751, -0.121470
0.740810, -0.121470
0.741866, -0.121470
0.742923, -0.121470
0.743979, -0.121470
0.745035, -0.121470
0.746091, -0.121470
0.747147, -0.121470
0.748207, -0.121470
0.749269, -0.121470
0.750331, -0.121470
0.751391, -0.121470
0.752449, -0.121470
0.753506, -0.121470
0.754563, -0.121470
0.755619, -0.121470
0.756676, -0.121470
0.757749, -0.121470
0.758806, -0.121470
0.759862, -0.121470
0.760919, -0.121470
0.761974, -0.121470
0.763030, -0.121470
0.764089, -0.121470
0.765147, -0.121470
0.766203, -0.121470
0.767260, -0.121470
0.768334, -0.121470
0.769391, -0.121470
0.770451, -0.121470
0.771513, -0.121470
0.772576, -0.121470
0.773634, -0.121470
0.774695, -0.121470
0.775756, -0.121470
0.776812, -0.121470
0.777869, -0.121470
0.778926, -0.121470
0.779983, -0.121470
0.781039, -0.121470
0.782096, -0.121470
0.783153, -0.121470
0.784210, -0.121470
0.785266, -0.121470
0.786323, -0.121470
0.787379, -0.121470
0.788435, -0.121470
0.789491, -0.121470
0.790548, -0.121470
0.791605, -0.121470
0.792662, -0.121470
0.793718, -0.121470
0.794775, -0.121470
0.795831, -0.121470
0.796892, -0.121470
0.797950, -0.121470
0.799006, -0.121470
0.800062, -0.121470
0.801119, -0.121470
0.802175, -0.121470
0.803232, -0.121470
0.804288, -0.121470
0.805360, -0.121470
0.806416, -0.121470
0.807472, -0.121470
0.808528, -0.121470
0.809584, -0.121470
0.810640, -0.121470
0.811696, -0.121470
0.812752, -0.121470
0.813809, -0.121470
0.814865, -0.121470
0.815938, -0.121470
0.816995, -0.121470
0.818052, -0.121470
0.819108, -0.121470
0.820165, -0.121470
0.821221, -0.121470
0.822278, -0.121470
0.823334, -0.121470
0.824391, -0.121470
0.825449, -0.121470
0.826508, -0.121470
0.827568, -0.121470
0.828626, -0.121470
0.829683, -0.121470
0.830745, -0.121470
0.831808, -0.121470
0.832870, -0.121470
0.833932, -0.121470
0.834996, -0.121470
0.836058, -0.121470
0.837118, -0.121470
0.838179, -0.121470
0.839239, -0.121470
0.840294, -0.121470
0.841349, -0.121470
0.842404, -0.121470
0.843460, -0.121470
0.844515, -0.121470
0.845570, -0.121470
0.846625, -0.121470
0.847680, -0.121470
0.848736, -0.121470
0.849791, -0.121470
0.850848, -0.121470
0.851910, -0.121470
0.852972, -0.121470
0.854034, -0.121470
0.855097, -0.121470
0.856159, -0.121470
0.857217, -0.121470
0.858275, -0.121470
0.859334, -0.121470
0.860391, -0.121470
0.861448, -0.121470
0.862505, -0.121470
0.863562, -0.121470
0.864619, -0.121470
0.865676, -0.121470
0.866733, -0.121470
0.867790, -0.121470
0.868846, -0.121470
0.869903, -0.121470
0.870962, -0.121470
0.872019, -0.121470
0.873076, -0.121470
0.874134, -0.121470
0.875191, -0.121470
0.876263, -0.121470
0.877320, -0.121470
0.878378, -0.121470
0.879436, -0.121470
0.880525, -0.121470
0.881584, -0.121470
0.882641, -0.121470
0.883698, -0.121470
0.884754, -0.121470
0.885810, -0.121470
0.886869, -0.121470
0.887926, -0.121470
0.888983, -0.121470
0.890039, -0.121470
0.891095, -0.121470
0.892153, -0.121470
0.893210, -0.121470
0.894266, -0.121470
0.895325, -0.121470
0.896381, -0.121470
0.897437, -0.121470
0.898493, -0.121470
0.899551, -0.121470
0.900608, -0.121470
0.901664, -0.121470
0.902720, -0.121470
0.903776, -0.121470
0.000000, 0.475977
0.001097, 0.475977
0.002181, 0.475372
0.003241, 0.474665
0.004301, 0.473757
0.005404, 0.472648
0.006492, 0.471134
0.007578, 0.469621
0.008661, 0.468007
0.009744, 0.466191
0.010806, 0.463972
0.011867, 0.461248
0.012927, 0.458322
0.013989, 0.454993
0.015049, 0.451663
0.016109, 0.449040
0.017168, 0.445913
0.018226, 0.442382
0.019288, 0.439053
0.020352, 0.435824
0.021416, 0.432495
0.022478, 0.428661
0.023535, 0.424828
0.024591, 0.421297
0.025651, 0.417766
0.026710, 0.414235
0.027769, 0.411107
0.028825, 0.407576
0.029882, 0.404247
0.030940, 0.400918
0.031997, 0.397992
0.033054, 0.394562
0.034110, 0.390930
0.035165, 0.387298
0.036223, 0.383969
0.037285, 0.380539
0.038365, 0.377209
0.039421, 0.374284
0.040492, 0.371055
0.041564, 0.367928
0.042639, 0.364498
0.043711, 0.360967
0.044783, 0.357537
0.045862, 0.354207
0.046944, 0.351181
0.048024, 0.347953
0.049105, 0.344724
0.050167, 0.341496
0.051229, 0.338267
0.052287, 0.335140
0.053344, 0.331710
0.054400, 0.328784
0.055456, 0.325455
0.056513, 0.322327
0.057569, 0.319402
0.058625, 0.316173
0.059682, 0.313349
0.060739, 0.310120
0.061796, 0.306892
0.062852, 0.303865
0.063909, 0.300637
0.064965, 0.297812
0.066021, 0.294584
0.067079, 0.291456
0.068136, 0.288329
0.069192, 0.285403
0.070252, 0.282276
0.071312, 0.279552
0.072370, 0.276424
0.073426, 0.273196
0.074482, 0.270169
0.075538, 0.267445
0.076594, 0.264318
0.077651, 0.261190
0.078707, 0.258164
0.079763, 0.255339
0.080820, 0.252716
0.081882, 0.249790
0.082939, 0.246663
0.083995, 0.243535
0.085056, 0.240509
0.086111, 0.237583
0.087168, 0.234657
0.088225, 0.232034
0.089281, 0.229109
0.090337, 0.226082
0.091393, 0.223156
0.092450, 0.220231
0.093511, 0.217507
0.094567, 0.214682
0.095624, 0.211857
0.096680, 0.209032
0.097740, 0.206510
0.098802, 0.203484
0.099858, 0.200457
0.100915, 0.197430
0.101972, 0.194707
0.103033, 0.191983
0.104092, 0.189158
0.105149, 0.186737
0.106211, 0.183912
0.107267, 0.181087
0.108324, 0.178666
0.109380, 0.175942
0.110442, 0.173319
0.111500, 0.170191
0.112557, 0.167669
0.113615, 0.164743
0.114679, 0.161919
0.115735, 0.159296
0.116800, 0.156572
0.117866, 0.153747
0.118926, 0.151326
0.119981, 0.148602
0.121038, 0.145878
0.122094, 0.143557
0.123155, 0.140934
0.124212, 0.138210
0.125270, 0.135587
0.126329, 0.132863
0.127390, 0.130341
0.128448, 0.127718
0.129504, 0.125700
0.130561, 0.123077
0.131618, 0.120354
0.132679, 0.117630
0.133736, 0.115007
0.134793, 0.112787
0.135849, 0.110366
0.136931, 0.107844
0.137999, 0.105221
0.139058, 0.102598
0.140116, 0.100075
0.141174, 0.097755
0.142231, 0.095334
0.143304, 0.093316
0.144362, 0.090895
0.145418, 0.088373
0.146476, 0.085850
0.147534, 0.083429
0.148591, 0.081008
0.149649, 0.078990
0.150706, 0.076670
0.151761, 0.074249
0.152817, 0.071827
0.153872, 0.069305
0.154927, 0.066985
0.155982, 0.064967
0.157054, 0.062748
0.158127, 0.060528
0.159199, 0.058208
0.160273, 0.055887
0.161346, 0.053567
0.162418, 0.051347
0.163490, 0.049128
0.164563, 0.046908
0.165635, 0.044891
0.166708, 0.042873
0.167781, 0.040553
0.168854, 0.038333
0.169926, 0.036114
0.170998, 0.033995
0.172070, 0.031776
0.173143, 0.029758
0.174215, 0.027639
0.175287, 0.025521
0.176360, 0.023402
0.177433, 0.021283
0.178506, 0.019165
0.179580, 0.017147
0.180661, 0.015028
0.181742, 0.013112
0.182823, 0.011094
0.183905, 0.008975
0.184987, 0.006857
0.186069, 0.004839
0.187150, 0.002821
0.188232, 0.000803
0.189317, -0.001113
0.190399, -0.002929
0.191481, -0.004846
0.192564, -0.006662
0.193645, -0.008680
0.194728, -0.010597
0.195809, -0.012513
0.196892, -0.014430
0.197974, -0.016347
0.199056, -0.018062
0.200101, -0.019878
0.201163, -0.021694
0.202220, -0.023611
0.203281, -0.025427
0.204342, -0.027243
0.205400, -0.029059
0.206457, -0.030572
0.207514, -0.032287
0.208571, -0.034002
0.209628, -0.035616
0.210685, -0.037331
0.211743, -0.039147
0.212818, -0.040661
0.213876, -0.042376
0.214933, -0.044091
0.215989, -0.045806
0.217047, -0.047420
0.218104, -0.049135
0.219162, -0.050648
0.220219, -0.051960
0.221275, -0.053574
0.222330, -0.055087
0.223390, -0.056702
0.224450, -0.058316
0.225508, -0.059728
0.226569, -0.061342
0.227662, -0.063057
0.228722, -0.064369
0.229780, -0.065882
0.230837, -0.067295
0.231894, -0.068707
0.232954, -0.070220
0.234011, -0.071834
0.235067, -0.073146
0.236087, -0.074659
0.237148, -0.076072
0.238212, -0.077585
0.239270, -0.078695
0.240326, -0.080006
0.241405, -0.081520
0.242486, -0.082730
0.243568, -0.084042
0.244642, -0.085454
0.245721, -0.086867
0.246802, -0.088279
0.247883, -0.089590
0.248963, -0.091003
0.250025, -0.092415
0.251083, -0.093727
0.252139, -0.095038
0.253196, -0.096249
0.254252, -0.097460
0.255324, -0.098569
0.256381, -0.099780
0.257438, -0.100991
0.258495, -0.102201
0.259552, -0.103412
0.260609, -0.104421
0.261666, -0.105732
0.262723, -0.106943
0.263780, -0.108153
0.264838, -0.109364
0.265895, -0.110474
0.266953, -0.111684
0.268011, -0.112693
0.269068, -0.113904
0.270124, -0.114913
0.271180, -0.115922
0.272236, -0.116931
0.273292, -0.118141
0.274347, -0.119150
0.275404, -0.120260
0.276460, -0.121370
0.277516, -0.122479
0.278572, -0.123387
0.279627, -0.124396
0.280683, -0.125506
0.281738, -0.126515
0.282795, -0.127524
0.283850, -0.128331
0.284905, -0.129340
0.285961, -0.130348
0.287017, -0.131256
0.288072, -0.132164
0.289128, -0.133072
0.290183, -0.133879
0.291238, -0.134787
0.292293, -0.135796
0.293349, -0.136704
0.294404, -0.137612
0.295459, -0.138419
0.296516, -0.139327
0.297571, -0.140235
0.298626, -0.141042
0.299681, -0.141950
0.300737, -0.142657
0.301793, -0.143564
0.302849, -0.144271
0.303906, -0.145179
0.304963, -0.145986
0.306018, -0.146591
0.307074, -0.147297
0.308129, -0.148003
0.309185, -0.148710
0.310240, -0.149517
0.311295, -0.150223
0.312351, -0.150828
0.313406, -0.151534
0.314461, -0.152241
0.315516, -0.152947
0.316572, -0.153653
0.317628, -0.154158
0.318684, -0.154864
0.319739, -0.155570
0.320794, -0.156276
0.321850, -0.156881
0.322906, -0.157487
0.323962, -0.158092
0.325017, -0.158697
0.326075, -0.159303
0.327133, -0.160009
0.328189, -0.160513
0.329243, -0.161119
0.330299, -0.161623
0.331379, -0.162128
0.332461, -0.162632
0.333543, -0.163136
0.334608, -0.163641
0.335693, -0.164044
0.336754, -0.164448
0.337814, -0.164952
0.338894, -0.165356
0.339973, -0.165860
0.341047, -0.166264
0.342119, -0.166667
0.343200, -0.167071
0.344283, -0.167374
0.345365, -0.167777
0.346446, -0.168181
0.347528, -0.168483
0.348611, -0.168786
0.349669, -0.169190
0.350728, -0.169492
0.351787, -0.169795
0.352846, -0.170098
0.353909, -0.170299
0.354972, -0.170602
0.356031, -0.170804
0.357088, -0.171106
0.358146, -0.171308
0.359203, -0.171510
0.360260, -0.171813
0.361316, -0.171913
0.362373, -0.172115
0.363430, -0.172317
0.364486, -0.172418
0.365543, -0.172620
0.366601, -0.172721
0.367657, -0.172821
0.368714, -0.172922
0.369771, -0.173023
0.370828, -0.173124
0.371885, -0.173225
0.372943, -0.173225
0.373999, -0.173326
0.375056, -0.173326
0.376113, -0.173427
0.377170, -0.173427
0.378227, -0.173427
0.379283, -0.173427
0.380341, -0.173427
0.381397, -0.173427
0.382453, -0.173427
0.383510, -0.173326
0.384567, -0.173326
0.385623, -0.173326
0.386680, -0.173225
0.387736, -0.173225
0.388793, -0.173124
0.389851, -0.173124
0.390908, -0.173023
0.391964, -0.173023
0.393021, -0.172922
0.394078, -0.172821
0.395135, -0.172821
0.396191, -0.172721
0.397248, -0.172620
0.398304, -0.172620
0.399361, -0.172519
0.400417, -0.172418
0.401474, -0.172418
0.402532, -0.172317
0.403589, -0.172317
0.404646, -0.172216
0.405702, -0.172115
0.406760, -0.172115
0.407817, -0.172014
0.408873, -0.172014
0.409930, -0.171913
0.410986, -0.171813
0.412043, -0.171813
0.413102, -0.171712
0.414159, -0.171712
0.415215, -0.171611
0.416276, -0.171611
0.417335, -0.171510
0.418392, -0.171510
0.419448, -0.171409
0.420505, -0.171409
0.421562, -0.171308
0.422619, -0.171308
0.423676, -0.171308
0.424734, -0.171207
0.425794, -0.171207
0.426853, -0.171106
0.427909, -0.171106
0.428966, -0.171106
0.430024, -0.171106
0.431080, -0.171006
0.432136, -0.171006
0.433193, -0.171006
0.434267, -0.171006
0.435343, -0.170905
0.436403, -0.170905
0.437462, -0.170905
0.438520, -0.170905
0.439577, -0.170905
0.440638, -0.170905
0.441698, -0.170804
0.442753, -0.170804
0.443814, -0.170804
0.444913, -0.170804
0.445972, -0.170804
0.447028, -0.170804
0.448086, -0.170804
0.449143, -0.170804
0.450200, -0.170804
0.451255, -0.170804
0.452311, -0.170804
0.453366, -0.170804
0.454420, -0.170804
0.455462, -0.170804
0.456520, -0.170804
0.457581, -0.170804
0.458638, -0.170804
0.459699, -0.170804
0.460756, -0.170804
0.461812, -0.170804
0.462868, -0.170804
0.463924, -0.170804
0.464985, -0.170804
0.466041, -0.170804
0.467098, -0.170804
0.468155, -0.170804
0.469211, -0.170804
0.470268, -0.170804
0.471324, -0.170804
0.472383, -0.170804
0.473439, -0.170804
0.474495, -0.170804
0.475552, -0.170804
0.476608, -0.170804
0.477670, -0.170804
0.478726, -0.170804
0.479782, -0.170804
0.480839, -0.170804
0.481900, -0.170804
0.482956, -0.170804
0.484012, -0.170804
0.485069, -0.170804
0.486125, -0.170804
0.487181, -0.170804
0.488238, -0.170804
0.489294, -0.170804
0.490351, -0.170804
0.491413, -0.170804
0.492469, -0.170804
0.493525, -0.170804
0.494586, -0.170804
0.495642, -0.170804
0.496699, -0.170804
0.497755, -0.170804
0.498811, -0.170804
0.499868, -0.170804
0.500925, -0.170804
0.501983, -0.170804
0.503039, -0.170804
0.504088, -0.170804
0.505144, -0.170804
0.506200, -0.170804
0.507256, -0.170804
0.508316, -0.170804
0.509372, -0.170804
0.510428, -0.170804
0.511486, -0.170804
0.512542, -0.170804
0.513598, -0.170804
0.514654, -0.170804
0.515710, -0.170804
0.516765, -0.170804
0.517822, -0.170804
0.518880, -0.170804
0.519935, -0.170804
0.520992, -0.170804
0.522047, -0.170804
0.523109, -0.170804
0.524165, -0.170804
0.525221, -0.170804
0.526280, -0.170804
0.527340, -0.170804
0.528398, -0.170804
0.529459, -0.170804
0.530515, -0.170804
0.531571, -0.170804
0.532627, -0.170804
0.533685, -0.170804
0.534746, -0.170804
0.535803, -0.170804
0.536863, -0.170804
0.537926, -0.170804
0.538984, -0.170804
0.540041, -0.170804
0.541097, -0.170804
0.542155, -0.170804
0.543212, -0.170804
0.544286, -0.170804
0.545345, -0.170804
0.546402, -0.170804
0.547460, -0.170804
0.548517, -0.170804
0.549575, -0.170804
0.550631, -0.170804
0.551686, -0.170804
0.552742, -0.170804
0.553797, -0.170804
0.554869, -0.170804
0.555941, -0.170804
0.557020, -0.170804
0.558098, -0.170804
0.559183, -0.170804
0.560266, -0.170804
0.561348, -0.170804
0.562430, -0.170804
0.563514, -0.170804
0.564597, -0.170804
0.565658, -0.170804
0.566741, -0.170804
0.567823, -0.170804
0.568886, -0.170804
0.569947, -0.170804
0.571026, -0.170804
0.572102, -0.170804
0.573175, -0.170804
0.574248, -0.170804
0.575320, -0.170804
0.576394, -0.170804
0.577467, -0.170804
0.578540, -0.170804
0.579612, -0.170804
0.580685, -0.170804
0.581758, -0.170804
0.582816, -0.170804
0.583876, -0.170804
0.584936, -0.170804
0.585993, -0.170804
0.587051, -0.170804
0.588109, -0.170804
0.589167, -0.170804
0.590224, -0.170804
0.591281, -0.170804
0.592339, -0.170804
0.593398, -0.170804
0.594459, -0.170804
0.595532, -0.170804
0.596590, -0.170804
0.597648, -0.170804
0.598707, -0.170804
0.599779, -0.170804
0.600837, -0.170804
0.601894, -0.170804
0.602951, -0.170804
0.604009, -0.170804
0.605067, -0.170804
0.606125, -0.170804
0.607198, -0.170804
0.608257, -0.170804
0.609314, -0.170804
0.610371, -0.170804
0.611428, -0.170804
0.612485, -0.170804
0.613558, -0.170804
0.614616, -0.170804
0.615672, -0.170804
0.616731, -0.170804
0.617788, -0.170804
0.618848, -0.170804
0.619905, -0.170804
0.620962, -0.170804
0.622019, -0.170804
0.623076, -0.170804
0.624133, -0.170804
0.625190, -0.170804
0.626249, -0.170804
0.627307, -0.170804
0.628387, -0.170804
0.629471, -0.170804
0.630553, -0.170804
0.631635, -0.170804
0.632718, -0.170804
0.633799, -0.170804
0.634880, -0.170804
0.635941, -0.170804
0.637028, -0.170804
0.638110, -0.170804
0.639192, -0.170804
0.640275, -0.170804
0.641357, -0.170804
0.642440, -0.170804
0.643523, -0.170804
0.644606, -0.170804
0.645688, -0.170804
0.646770, -0.170804
0.647852, -0.170804
0.648948, -0.170804
0.650009, -0.170804
0.651070, -0.170804
0.652128, -0.170804
0.653185, -0.170804
0.654242, -0.170804
0.655310, -0.170804
0.656368, -0.170804
0.657424, -0.170804
0.658479, -0.170804
0.659535, -0.170804
0.660591, -0.170804
0.661646, -0.170804
0.662734, -0.170804
0.663790, -0.170804
0.664846, -0.170804
0.665902, -0.170804
0.666957, -0.170804
0.668013, -0.170804
0.669069, -0.170804
0.670126, -0.170804
0.671182, -0.170804
0.672238, -0.170804
0.673293, -0.170804
0.674348, -0.170804
0.675405, -0.170804
0.676461, -0.170804
0.677516, -0.170804
0.678572, -0.170804
0.679628, -0.170804
0.680684, -0.170804
0.681739, -0.170804
0.682796, -0.170804
0.683851, -0.170804
0.684907, -0.170804
0.685964, -0.170804
0.687020, -0.170804
0.688075, -0.170804
0.689131, -0.170804
0.690187, -0.170804
0.691243, -0.170804
0.692298, -0.170804
0.693355, -0.170804
0.694410, -0.170804
0.695466, -0.170804
0.696522, -0.170804
0.697578, -0.170804
0.698633, -0.170804
0.699688, -0.170804
0.700744, -0.170804
0.701799, -0.170804
0.702854, -0.170804
0.703910, -0.170804
0.704965, -0.170804
0.706020, -0.170804
0.707075, -0.170804
0.708089, -0.170804
0.709144, -0.170804
0.710200, -0.170804
0.711259, -0.170804
0.712318, -0.170804
0.713374, -0.170804
0.714432, -0.170804
0.715493, -0.170804
0.716549, -0.170804
0.717606, -0.170804
0.718667, -0.170804
0.719723, -0.170804
0.720779, -0.170804
0.721836, -0.170804
0.722896, -0.170804
0.723956, -0.170804
0.725013, -0.170804
0.726070, -0.170804
0.727129, -0.170804
0.728186, -0.170804
0.729243, -0.170804
0.730300, -0.170804
0.731375, -0.170804
0.732451, -0.170804
0.733523, -0.170804
0.734594, -0.170804
0.735667, -0.170804
0.736725, -0.170804
0.737812, -0.170804
0.738894, -0.170804
0.739976, -0.170804
0.741059, -0.170804
0.742141, -0.170804
0.743223, -0.170804
0.744305, -0.170804
0.745387, -0.170804
0.746470, -0.170804
0.747553, -0.170804
0.748635, -0.170804
0.749710, -0.170804
0.750792, -0.170804
0.751873, -0.170804
0.752956, -0.170804
0.754037, -0.170804
0.755119, -0.170804
0.756182, -0.170804
0.757264, -0.170804
0.758346, -0.170804
0.759428, -0.170804
0.760510, -0.170804
0.761591, -0.170804
0.762666, -0.170804
0.763747, -0.170804
0.764829, -0.170804
0.765912, -0.170804
0.766994, -0.170804
0.768076, -0.170804
0.769157, -0.170804
0.770239, -0.170804
0.771321, -0.170804
0.772381, -0.170804
0.773441, -0.170804
0.774507, -0.170804
0.775568, -0.170804
0.776641, -0.170804
0.777699, -0.170804
0.778756, -0.170804
0.779814, -0.170804
0.780872, -0.170804
0.781929, -0.170804
0.782986, -0.170804
0.784043, -0.170804
0.785101, -0.170804
0.786159, -0.170804
0.787215, -0.170804
0.788272, -0.170804
0.789328, -0.170804
0.790384, -0.170804
0.791440, -0.170804
0.792495, -0.170804
0.793550, -0.170804
0.794606, -0.170804
0.795662, -0.170804
0.796719, -0.170804
0.797774, -0.170804
0.798829, -0.170804
0.799884, -0.170804
0.800941, -0.170804
0.801996, -0.170804
0.803051, -0.170804
0.804109, -0.170804
0.805163, -0.170804
0.806218, -0.170804
0.807274, -0.170804
0.808330, -0.170804
0.809385, -0.170804
0.810440, -0.170804
0.811496, -0.170804
0.812551, -0.170804
0.813606, -0.170804
0.814661, -0.170804
0.815716, -0.170804
0.816771, -0.170804
0.817828, -0.170804
0.818883, -0.170804
0.819939, -0.170804
0.820994, -0.170804
0.822050, -0.170804
0.823105, -0.170804
0.824160, -0.170804
0.825215, -0.170804
0.826272, -0.170804
0.827329, -0.170804
0.828385, -0.170804
0.829440, -0.170804
0.830495, -0.170804
0.831551, -0.170804
0.832605, -0.170804
0.833659, -0.170804
0.834715, -0.170804
0.835776, -0.170804
0.836839, -0.170804
0.837920, -0.170804
0.839002, -0.170804
0.840091, -0.170804
0.841175, -0.170804
0.842258, -0.170804
0.843340, -0.170804
0.844422, -0.170804
0.845504, -0.170804
0.846586, -0.170804
0.847668, -0.170804
0.848750, -0.170804
0.849827, -0.170804
0.850909, -0.170804
0.851991, -0.170804
0.853074, -0.170804
0.854151, -0.170804
0.855233, -0.170804
0.856293, -0.170804
0.857357, -0.170804
0.858419, -0.170804
0.859481, -0.170804
0.860541, -0.170804
0.861597, -0.170804
0.862654, -0.170804
0.863711, -0.170804
0.864769, -0.170804
0.865825, -0.170804
0.866883, -0.170804
0.867941, -0.170804
0.868997, -0.170804
0.870054, -0.170804
0.871111, -0.170804
0.872167, -0.170804
0.873224, -0.170804
0.874280, -0.170804
0.875337, -0.170804
0.876394, -0.170804
0.877452, -0.170804
0.878509, -0.170804
0.879565, -0.170804
0.880651, -0.170804
0.881709, -0.170804
0.882766, -0.170804
0.883823, -0.170804
0.884879, -0.170804
0.885936, -0.170804
0.886992, -0.170804
0.888050, -0.170804
0.889106, -0.170804
0.890163, -0.170804
0.891219, -0.170804
0.892275, -0.170804
0.893332, -0.170804
0.894388, -0.170804
0.895446, -0.170804
0.896502, -0.170804
0.897559, -0.170804
0.898616, -0.170804
0.899672, -0.170804
0.900730, -0.170804
0.901787, -0.170804
0.902843, -0.170804
0.903900, -0.170804
0.904957, -0.170804
0.906014, -0.170804
0.907071, -0.170804
0.908127, -0.170804
0.909185, -0.170804
0.910241, -0.170804
0.911298, -0.170804
0.912354, -0.170804
0.913411, -0.170804
0.914467, -0.170804
0.915523, -0.170804
0.916580, -0.170804
0.917636, -0.170804
0.918694, -0.170804
0.919752, -0.170804
0.920809, -0.170804
0.921865, -0.170804
0.922922, -0.170804
0.923979, -0.170804
0.925036, -0.170804
0.926095, -0.170804
0.927180, -0.170804
0.928239, -0.170804
0.929320, -0.170804
0.930401, -0.170804
0.000000, 0.475674
0.001095, 0.475573
0.002177, 0.475069
0.003259, 0.474262
0.004341, 0.473455
0.005424, 0.472345
0.006505, 0.470933
0.007588, 0.469419
0.008670, 0.467805
0.009752, 0.465989
0.010814, 0.463669
0.011875, 0.461046
0.012933, 0.458120
0.013990, 0.455295
0.015047, 0.451966
0.016106, 0.449040
0.017163, 0.445812
0.018222, 0.442785
0.019280, 0.439254
0.020337, 0.435925
0.021394, 0.432596
0.022451, 0.428863
0.023508, 0.425130
0.024566, 0.421599
0.025625, 0.418472
0.026683, 0.414941
0.027742, 0.411410
0.028804, 0.408081
0.029865, 0.405155
0.030924, 0.401826
0.031989, 0.398597
0.033048, 0.395167
0.034108, 0.391636
0.035168, 0.388105
0.036224, 0.384776
0.037280, 0.381951
0.038335, 0.378521
0.039390, 0.375293
0.040445, 0.372165
0.041505, 0.368937
0.042564, 0.365608
0.043624, 0.362581
0.044680, 0.359151
0.045743, 0.355923
0.046805, 0.352795
0.047868, 0.349668
0.048927, 0.346540
0.049985, 0.343413
0.051041, 0.340588
0.052098, 0.337359
0.053154, 0.334030
0.054211, 0.330701
0.055268, 0.327876
0.056326, 0.324749
0.057383, 0.321722
0.058443, 0.318696
0.059507, 0.315568
0.060566, 0.312542
0.061623, 0.309414
0.062680, 0.306186
0.063738, 0.303260
0.064796, 0.300133
0.065853, 0.297409
0.066909, 0.294281
0.067964, 0.291154
0.069020, 0.288228
0.070075, 0.285201
0.071131, 0.282175
0.072187, 0.279552
0.073242, 0.276424
0.074296, 0.273398
0.075352, 0.270472
0.076408, 0.267345
0.077463, 0.264722
0.078518, 0.261594
0.079572, 0.258668
0.080627, 0.255844
0.081682, 0.252918
0.082736, 0.250396
0.083791, 0.247369
0.084846, 0.244242
0.085901, 0.241215
0.086956, 0.238794
0.088013, 0.235868
0.089067, 0.232942
0.090122, 0.230017
0.091177, 0.227091
0.092233, 0.224165
0.093288, 0.221643
0.094343, 0.218717
0.095398, 0.215792
0.096453, 0.212967
0.097508, 0.210344
0.098564, 0.207620
0.099620, 0.205199
0.100676, 0.202071
0.101732, 0.199146
0.102788, 0.196321
0.103844, 0.193496
0.104900, 0.191276
0.105956, 0.188553
0.107011, 0.185728
0.108067, 0.183004
0.109123, 0.180381
0.110184, 0.178363
0.111243, 0.175740
0.112301, 0.173016
0.113358, 0.169989
0.114415, 0.167064
0.115473, 0.164239
0.116530, 0.161515
0.117587, 0.159296
0.118645, 0.156673
0.119702, 0.153949
0.120760, 0.151225
0.121816, 0.148501
0.122874, 0.146281
0.123931, 0.143658
0.124989, 0.141237
0.126048, 0.138513
0.127109, 0.135890
0.128168, 0.133267
0.129226, 0.131047
0.130285, 0.128525
0.131342, 0.126205
0.132399, 0.123683
0.133455, 0.121161
0.134512, 0.118538
0.135568, 0.116318
0.136625, 0.113796
0.137681, 0.111375
0.138737, 0.109054
0.139793, 0.106431
0.140874, 0.104010
0.141934, 0.101488
0.143008, 0.099369
0.144081, 0.097049
0.145161, 0.094728
0.146243, 0.092408
0.147326, 0.089987
0.148408, 0.087566
0.149491, 0.085144
0.150573, 0.082521
0.151655, 0.080201
0.152737, 0.078082
0.153819, 0.075762
0.154901, 0.073341
0.155975, 0.071222
0.157055, 0.068902
0.158115, 0.066581
0.159196, 0.064362
0.160278, 0.062243
0.161360, 0.060125
0.162442, 0.057804
0.163524, 0.055585
0.164606, 0.053365
0.165687, 0.051146
0.166769, 0.049128
0.167846, 0.047009
0.168929, 0.044992
0.170011, 0.042873
0.171092, 0.040654
0.172174, 0.038535
0.173256, 0.036416
0.174338, 0.034298
0.175415, 0.032179
0.176497, 0.030262
0.177578, 0.028245
0.178660, 0.026227
0.179737, 0.024108
0.180818, 0.022090
0.181900, 0.020073
0.182982, 0.018055
0.184066, 0.016037
0.185147, 0.014221
0.186229, 0.012305
0.187311, 0.010085
0.188393, 0.008067
0.189475, 0.006352
0.190556, 0.004234
0.191638, 0.002317
0.192720, 0.000501
0.193802, -0.001416
0.194884, -0.003030
0.195967, -0.004947
0.197050, -0.006662
0.198132, -0.008579
0.199215, -0.010395
0.200290, -0.012211
0.201372, -0.014027
0.202453, -0.015843
0.203536, -0.017558
0.204600, -0.019374
0.205665, -0.021089
0.206728, -0.022905
0.207790, -0.024519
0.208852, -0.026234
0.209912, -0.027949
0.210969, -0.029664
0.212043, -0.031077
0.213101, -0.032691
0.214158, -0.034305
0.215215, -0.035818
0.216271, -0.037432
0.217328, -0.039147
0.218385, -0.040762
0.219456, -0.042174
0.220513, -0.043788
0.221569, -0.045402
0.222626, -0.046916
0.223683, -0.048530
0.224754, -0.049841
0.225821, -0.051254
0.226882, -0.052666
0.227971, -0.054280
0.229031, -0.055794
0.230091, -0.057206
0.231150, -0.058719
0.232212, -0.060031
0.233271, -0.061443
0.234327, -0.062957
0.235384, -0.064268
0.236440, -0.065781
0.237497, -0.066992
0.238554, -0.068203
0.239612, -0.069615
0.240670, -0.071128
0.241727, -0.072339
0.242785, -0.073650
0.243842, -0.075063
0.244898, -0.076374
0.245955, -0.077686
0.247012, -0.078897
0.248069, -0.079905
0.249125, -0.081318
0.250183, -0.082528
0.251255, -0.083537
0.252312, -0.084748
0.253368, -0.086059
0.254425, -0.087371
0.255481, -0.088582
0.256539, -0.089792
0.257596, -0.091104
0.258654, -0.092113
0.259711, -0.093323
0.260770, -0.094534
0.261826, -0.095644
0.262883, -0.096652
0.263940, -0.097863
0.264996, -0.098872
0.266053, -0.099881
0.267110, -0.100991
0.268166, -0.102100
0.269223, -0.103008
0.270281, -0.104017
0.271339, -0.105127
0.272395, -0.106136
0.273453, -0.107245
0.274513, -0.108254
0.275575, -0.109263
0.276637, -0.110272
0.277696, -0.111281
0.278753, -0.112290
0.279811, -0.113299
0.280868, -0.114207
0.281926, -0.115115
0.282982, -0.116023
0.284040, -0.116931
0.285096, -0.117839
0.286153, -0.118646
0.287209, -0.119654
0.288266, -0.120562
0.289323, -0.121470
0.290379, -0.122378
0.291436, -0.123186
0.292494, -0.123993
0.293552, -0.124901
0.294608, -0.125708
0.295665, -0.126616
0.296722, -0.127322
0.297779, -0.128129
0.298836, -0.128936
0.299892, -0.129743
0.300950, -0.130550
0.302006, -0.131256
0.303062, -0.131963
0.304118, -0.132568
0.305173, -0.133375
0.306228, -0.134081
0.307284, -0.134787
0.308339, -0.135594
0.309394, -0.136200
0.310450, -0.136906
0.311508, -0.137612
0.312565, -0.138318
0.313620, -0.139025
0.314676, -0.139731
0.315732, -0.140336
0.316788, -0.140941
0.317844, -0.141648
0.318899, -0.142253
0.319955, -0.142858
0.321014, -0.143464
0.322073, -0.144069
0.323091, -0.144573
0.324148, -0.145179
0.325208, -0.145784
0.326267, -0.146288
0.327327, -0.146793
0.328385, -0.147297
0.329445, -0.147802
0.330502, -0.148205
0.331560, -0.148710
0.332619, -0.149113
0.333675, -0.149719
0.334731, -0.150223
0.335788, -0.150627
0.336846, -0.151030
0.337903, -0.151434
0.338958, -0.151837
0.340015, -0.152241
0.341071, -0.152745
0.342126, -0.153149
0.343183, -0.153552
0.344239, -0.153855
0.345294, -0.154258
0.346350, -0.154662
0.347405, -0.154965
0.348461, -0.155368
0.349516, -0.155772
0.350574, -0.156074
0.351629, -0.156377
0.352685, -0.156680
0.353740, -0.156982
0.354795, -0.157285
0.355854, -0.157487
0.356915, -0.157789
0.357972, -0.157991
0.359029, -0.158294
0.360087, -0.158496
0.361144, -0.158697
0.362201, -0.158899
0.363258, -0.159101
0.364315, -0.159303
0.365372, -0.159504
0.366430, -0.159706
0.367487, -0.159908
0.368544, -0.160009
0.369601, -0.160211
0.370658, -0.160312
0.371716, -0.160412
0.372773, -0.160513
0.373830, -0.160614
0.374905, -0.160614
0.375981, -0.160715
0.377053, -0.160816
0.378126, -0.160816
0.379199, -0.160816
0.380272, -0.160917
0.381345, -0.160917
0.382419, -0.160917
0.383491, -0.160917
0.384564, -0.160917
0.385636, -0.160917
0.386710, -0.160816
0.387782, -0.160816
0.388855, -0.160816
0.389927, -0.160715
0.390999, -0.160715
0.392072, -0.160614
0.393144, -0.160614
0.394216, -0.160513
0.395288, -0.160513
0.396360, -0.160412
0.397432, -0.160412
0.398504, -0.160312
0.399577, -0.160312
0.400635, -0.160211
0.401696, -0.160110
0.402758, -0.160110
0.403817, -0.160009
0.404876, -0.160009
0.405934, -0.159908
0.406991, -0.159807
0.408050, -0.159807
0.409107, -0.159706
0.410164, -0.159706
0.411222, -0.159605
0.412281, -0.159605
0.413338, -0.159504
0.414395, -0.159504
0.415451, -0.159404
0.416507, -0.159404
0.417563, -0.159303
0.418619, -0.159303
0.419674, -0.159202
0.420729, -0.159202
0.421786, -0.159101
0.422842, -0.159101
0.423898, -0.159101
0.424954, -0.159000
0.426012, -0.159000
0.427071, -0.159000
0.428127, -0.159000
0.429184, -0.158899
0.430245, -0.158899
0.431304, -0.158899
0.432359, -0.158899
0.433414, -0.158899
0.434469, -0.158899
0.435524, -0.158899
0.436578, -0.158899
0.437633, -0.158899
0.438688, -0.158798
0.439743, -0.158798
0.440798, -0.158798
0.441856, -0.158798
0.442912, -0.158798
0.443967, -0.158899
0.445074, -0.158899
0.446155, -0.158899
0.447238, -0.158899
0.448320, -0.158899
0.449402, -0.158899
0.450484, -0.158899
0.451566, -0.158899
0.452647, -0.158899
0.453729, -0.158899
0.454812, -0.158899
0.455886, -0.158899
0.456966, -0.158899
0.458048, -0.158899
0.459130, -0.158899
0.460213, -0.158899
0.461295, -0.158899
0.462377, -0.158899
0.463460, -0.158899
0.464542, -0.158899
0.465619, -0.158899
0.466696, -0.158899
0.467778, -0.158899
0.468859, -0.158899
0.469940, -0.158899
0.471021, -0.158899
0.472102, -0.158899
0.473184, -0.158899
0.474265, -0.158899
0.475323, -0.158899
0.476385, -0.158899
0.477448, -0.158899
0.478510, -0.158899
0.479568, -0.158899
0.480625, -0.158899
0.481682, -0.158899
0.482739, -0.158899
0.483794, -0.158899
0.484857, -0.158899
0.485913, -0.158899
0.486969, -0.158899
0.488027, -0.158899
0.489084, -0.158899
0.490140, -0.158899
0.491198, -0.158899
0.492255, -0.158899
0.493312, -0.158899
0.494368, -0.158899
0.495426, -0.158899
0.496483, -0.158899
0.497540, -0.158899
0.498598, -0.158899
0.499655, -0.158899
0.500713, -0.158899
0.501770, -0.158899
0.502828, -0.158899
0.503885, -0.158899
0.504942, -0.158899
0.506000, -0.158899
0.507073, -0.158899
0.508131, -0.158899
0.509188, -0.158899
0.510245, -0.158899
0.511302, -0.158899
0.512359, -0.158899
0.513419, -0.158899
0.514476, -0.158899
0.515533, -0.158899
0.516590, -0.158899
0.517646, -0.158899
0.518703, -0.158899
0.519760, -0.158899
0.520832, -0.158899
0.521892, -0.158899
0.522951, -0.158899
0.524024, -0.158899
0.525082, -0.158899
0.526154, -0.158899
0.527211, -0.158899
0.528278, -0.158899
0.529361, -0.158899
0.530448, -0.158899
0.531535, -0.158899
0.532617, -0.158899
0.533699, -0.158899
0.534781, -0.158899
0.535864, -0.158899
0.536945, -0.158899
0.538027, -0.158899
0.539110, -0.158899
0.540193, -0.158899
0.541253, -0.158899
0.542313, -0.158899
0.543370, -0.158899
0.544427, -0.158899
0.545483, -0.158899
0.546541, -0.158899
0.547599, -0.158899
0.548656, -0.158899
0.549713, -0.158899
0.550770, -0.158899
0.551828, -0.158899
0.552887, -0.158899
0.553944, -0.158899
0.555001, -0.158899
0.556059, -0.158899
0.557116, -0.158899
0.558174, -0.158899
0.559234, -0.158899
0.560291, -0.158899
0.561348, -0.158899
0.562406, -0.158899
0.563464, -0.158899
0.564522, -0.158899
0.565579, -0.158899
0.566636, -0.158899
0.567693, -0.158899
0.568750, -0.158899
0.569808, -0.158899
0.570865, -0.158899
0.571922, -0.158899
0.572980, -0.158899
0.574038, -0.158899
0.575096, -0.158899
0.576153, -0.158899
0.577210, -0.158899
0.578267, -0.158899
0.579324, -0.158899
0.580382, -0.158899
0.581439, -0.158899
0.582496, -0.158899
0.583553, -0.158899
0.584611, -0.158899
0.585668, -0.158899
0.586725, -0.158899
0.587782, -0.158899
0.588839, -0.158899
0.589896, -0.158899
0.590953, -0.158899
0.592011, -0.158899
0.593077, -0.158899
0.594134, -0.158899
0.595192, -0.158899
0.596249, -0.158899
0.597306, -0.158899
0.598364, -0.158899
0.599421, -0.158899
0.600479, -0.158899
0.601546, -0.158899
0.602603, -0.158899
0.603660, -0.158899
0.604718, -0.158899
0.605775, -0.158899
0.606833, -0.158899
0.607898, -0.158899
0.608955, -0.158899
0.610012, -0.158899
0.611079, -0.158899
0.612137, -0.158899
0.613195, -0.158899
0.614252, -0.158899
0.615309, -0.158899
0.616367, -0.158899
0.617424, -0.158899
0.618481, -0.158899
0.619543, -0.158899
0.620600, -0.158899
0.621665, -0.158899
0.622721, -0.158899
0.623778, -0.158899
0.624835, -0.158899
0.625896, -0.158899
0.626957, -0.158899
0.628017, -0.158899
0.629079, -0.158899
0.630138, -0.158899
0.631194, -0.158899
0.632250, -0.158899
0.633323, -0.158899
0.634381, -0.158899
0.635439, -0.158899
0.636496, -0.158899
0.637554, -0.158899
0.638611, -0.158899
0.639668, -0.158899
0.640724, -0.158899
0.641782, -0.158899
0.642840, -0.158899
0.643896, -0.158899
0.644952, -0.158899
0.646010, -0.158899
0.647067, -0.158899
0.648123, -0.158899
0.649179, -0.158899
0.650235, -0.158899
0.651291, -0.158899
0.652347, -0.158899
0.653404, -0.158899
0.654460, -0.158899
0.655517, -0.158899
0.656575, -0.158899
0.657633, -0.158899
0.658691, -0.158899
0.659749, -0.158899
0.660805, -0.158899
0.661861, -0.158899
0.662947, -0.158899
0.664003, -0.158899
0.665059, -0.158899
0.666114, -0.158899
0.667170, -0.158899
0.668225, -0.158899
0.669281, -0.158899
0.670336, -0.158899
0.671395, -0.158899
0.672452, -0.158899
0.673508, -0.158899
0.674564, -0.158899
0.675621, -0.158899
0.676678, -0.158899
0.677735, -0.158899
0.678792, -0.158899
0.679850, -0.158899
0.680906, -0.158899
0.681963, -0.158899
0.683020, -0.158899
0.684078, -0.158899
0.685135, -0.158899
0.686191, -0.158899
0.687248, -0.158899
0.688304, -0.158899
0.689361, -0.158899
0.690418, -0.158899
0.691474, -0.158899
0.692532, -0.158899
0.693592, -0.158899
0.694654, -0.158899
0.695716, -0.158899
0.696775, -0.158899
0.697832, -0.158899
0.698889, -0.158899
0.699945, -0.158899
0.701002, -0.158899
0.702060, -0.158899
0.703122, -0.158899
0.704181, -0.158899
0.705238, -0.158899
0.706295, -0.158899
0.707353, -0.158899
0.708409, -0.158899
0.709466, -0.158899
0.710524, -0.158899
0.711581, -0.158899
0.712636, -0.158899
0.713693, -0.158899
0.714748, -0.158899
0.715804, -0.158899
0.716859, -0.158899
0.717914, -0.158899
0.718969, -0.158899
0.720024, -0.158899
0.721079, -0.158899
0.722134, -0.158899
0.723190, -0.158899
0.724246, -0.158899
0.725306, -0.158899
0.726366, -0.158899
0.727426, -0.158899
0.728487, -0.158899
0.729550, -0.158899
0.730608, -0.158899
0.731665, -0.158899
0.732723, -0.158899
0.733779, -0.158899
0.734839, -0.158899
0.735901, -0.158899
0.736962, -0.158899
0.738023, -0.158899
0.739091, -0.158899
0.740153, -0.158899
0.741214, -0.158899
0.742275, -0.158899
0.743333, -0.158899
0.744390, -0.158899
0.745447, -0.158899
0.746504, -0.158899
0.747561, -0.158899
0.748619, -0.158899
0.749679, -0.158899
0.750739, -0.158899
0.751797, -0.158899
0.752853, -0.158899
0.753918, -0.158899
0.754978, -0.158899
0.756035, -0.158899
0.757092, -0.158899
0.758149, -0.158899
0.759206, -0.158899
0.760263, -0.158899
0.761336, -0.158899
0.762395, -0.158899
0.763453, -0.158899
0.764510, -0.158899
0.765566, -0.158899
0.766622, -0.158899
0.767678, -0.158899
0.768735, -0.158899
0.769792, -0.158899
0.770848, -0.158899
0.771905, -0.158899
0.772962, -0.158899
0.774019, -0.158899
0.775075, -0.158899
0.776132, -0.158899
0.777188, -0.158899
0.778245, -0.158899
0.779302, -0.158899
0.780359, -0.158899
0.781415, -0.158899
0.782472, -0.158899
0.783529, -0.158899
0.784586, -0.158899
0.785642, -0.158899
0.786698, -0.158899
0.787754, -0.158899
0.788810, -0.158899
0.789867, -0.158899
0.790923, -0.158899
0.791981, -0.158899
0.793038, -0.158899
0.794094, -0.158899
0.795150, -0.158899
0.796206, -0.158899
0.797264, -0.158899
0.798320, -0.158899
0.799379, -0.158899
0.800438, -0.158899
0.801495, -0.158899
0.802552, -0.158899
0.803611, -0.158899
0.804669, -0.158899
0.805726, -0.158899
0.806782, -0.158899
0.807839, -0.158899
0.808895, -0.158899
0.809952, -0.158899
0.811009, -0.158899
0.812066, -0.158899
0.813123, -0.158899
0.814182, -0.158899
0.815240, -0.158899
0.816297, -0.158899
0.817353, -0.158899
0.818410, -0.158899
0.819467, -0.158899
0.820524, -0.158899
0.821580, -0.158899
0.822637, -0.158899
0.823694, -0.158899
0.824751, -0.158899
0.825809, -0.158899
0.826870, -0.158899
0.827932, -0.158899
0.828993, -0.158899
0.830053, -0.158899
0.831111, -0.158899
0.832168, -0.158899
0.833226, -0.158899
0.834283, -0.158899
0.835340, -0.158899
0.836397, -0.158899
0.837454, -0.158899
0.838510, -0.158899
0.839568, -0.158899
0.840626, -0.158899
0.841684, -0.158899
0.842741, -0.158899
0.843799, -0.158899
0.844856, -0.158899
0.845913, -0.158899
0.846970, -0.158899
0.848028, -0.158899
0.849085, -0.158899
0.850145, -0.158899
0.851206, -0.158899
0.852263, -0.158899
0.853320, -0.158899
0.854377, -0.158899
0.855434, -0.158899
0.856491, -0.158899
0.857548, -0.158899
0.858605, -0.158899
0.859662, -0.158899
0.860719, -0.158899
0.861777, -0.158899
0.862834, -0.158899
0.863892, -0.158899
0.864949, -0.158899
0.866006, -0.158899
0.867063, -0.158899
0.868120, -0.158899
0.869177, -0.158899
0.870234, -0.158899
0.871291, -0.158899
0.872349, -0.158899
0.873406, -0.158899
0.874463, -0.158899
0.875521, -0.158899
0.876577, -0.158899
0.877634, -0.158899
0.878690, -0.158899
0.879784, -0.158899
0.880842, -0.158899
0.881899, -0.158899
0.882957, -0.158899
0.884015, -0.158899
0.885071, -0.158899
0.886130, -0.158899
0.887187, -0.158899
0.888245, -0.158899
0.889302, -0.158899
0.890366, -0.158899
0.891423, -0.158899
0.892480, -0.158899
0.893537, -0.158899
0.894593, -0.158899
0.895650, -0.158899
0.896708, -0.158899
0.897765, -0.158899
0.898821, -0.158899
0.899879, -0.158899
0.900937, -0.158899
0.901995, -0.158899
0.903052, -0.158899
0.904110, -0.158899
0.905167, -0.158899
0.906224, -0.158899
0.907281, -0.158899
0.908338, -0.158899
0.909395, -0.158899
0.910453, -0.158899
0.911511, -0.158899
0.912569, -0.158899
0.913626, -0.158899
0.914684, -0.158899
0.915745, -0.158899
0.916802, -0.158899
0.917859, -0.158899
0.918916, -0.158899
0.919973, -0.158899
0.921031, -0.158899
0.922088, -0.158899
0.923145, -0.158899
0.924202, -0.158899
0.925262, -0.158899
0.926321, -0.158899
0.927382, -0.158899
0.928444, -0.158899
0.929504, -0.158899
0.000000, 0.475473
0.001073, 0.475473
0.002131, 0.474867
0.003191, 0.474060
0.004250, 0.473354
0.005309, 0.472345
0.006370, 0.471034
0.007434, 0.469419
0.008495, 0.467906
0.009555, 0.466191
0.010615, 0.463972
0.011676, 0.461348
0.012739, 0.458524
0.013796, 0.455295
0.014854, 0.452370
0.015911, 0.449242
0.016968, 0.446115
0.018025, 0.442584
0.019082, 0.439053
0.020139, 0.435723
0.021197, 0.432899
0.022255, 0.429065
0.023312, 0.425231
0.024369, 0.421599
0.025425, 0.418068
0.026483, 0.414638
0.027539, 0.411410
0.028596, 0.407980
0.029653, 0.404651
0.030710, 0.401220
0.031767, 0.398295
0.032823, 0.394865
0.033881, 0.391233
0.034938, 0.387601
0.035995, 0.384272
0.037051, 0.380740
0.038109, 0.377815
0.039166, 0.374486
0.040223, 0.371257
0.041279, 0.368130
0.042337, 0.365103
0.043397, 0.361269
0.044456, 0.357738
0.045513, 0.354409
0.046571, 0.351786
0.047628, 0.348558
0.048684, 0.345329
0.049741, 0.342101
0.050797, 0.338772
0.051853, 0.336048
0.052909, 0.332719
0.053966, 0.329289
0.055023, 0.325959
0.056080, 0.322933
0.057136, 0.319805
0.058194, 0.317081
0.059251, 0.313752
0.060308, 0.310524
0.061364, 0.307396
0.062421, 0.304269
0.063478, 0.301141
0.064534, 0.298317
0.065591, 0.294987
0.066651, 0.291759
0.067708, 0.288732
0.068765, 0.285706
0.069822, 0.282982
0.070879, 0.279854
0.071936, 0.276828
0.072993, 0.273599
0.074049, 0.270674
0.075107, 0.267849
0.076166, 0.264722
0.077222, 0.261594
0.078280, 0.258567
0.079337, 0.255642
0.080394, 0.252716
0.081451, 0.250194
0.082508, 0.247066
0.083565, 0.243939
0.084621, 0.240811
0.085678, 0.237886
0.086736, 0.234960
0.087793, 0.232337
0.088850, 0.229310
0.089907, 0.226284
0.090964, 0.223358
0.092021, 0.220433
0.093077, 0.217406
0.094134, 0.214581
0.095191, 0.212059
0.096248, 0.209234
0.097305, 0.206510
0.098361, 0.203383
0.099418, 0.200659
0.100476, 0.197632
0.101534, 0.194807
0.102592, 0.192084
0.103649, 0.189662
0.104706, 0.186837
0.105762, 0.184013
0.106819, 0.181188
0.107877, 0.178767
0.108934, 0.176043
0.109991, 0.173319
0.111049, 0.170191
0.112107, 0.167669
0.113164, 0.164743
0.114221, 0.161919
0.115287, 0.159296
0.116344, 0.156572
0.117401, 0.154049
0.118459, 0.151225
0.119516, 0.148501
0.120572, 0.145878
0.121638, 0.143255
0.122695, 0.140632
0.123752, 0.137908
0.124818, 0.135587
0.125878, 0.132863
0.126938, 0.130341
0.127996, 0.127718
0.129055, 0.125297
0.130113, 0.122573
0.131170, 0.119950
0.132227, 0.117630
0.133283, 0.115007
0.134339, 0.112384
0.135394, 0.109962
0.136449, 0.107743
0.137504, 0.105120
0.138559, 0.102497
0.139615, 0.099975
0.140675, 0.097553
0.141738, 0.095435
0.142799, 0.093114
0.143855, 0.090592
0.144912, 0.088070
0.145969, 0.085548
0.147026, 0.083127
0.148083, 0.080806
0.149140, 0.078688
0.150214, 0.076367
0.151271, 0.073744
0.152330, 0.071626
0.153387, 0.068902
0.154442, 0.066884
0.155498, 0.064564
0.156553, 0.062344
0.157612, 0.060024
0.158669, 0.057703
0.159725, 0.055686
0.160785, 0.053365
0.161840, 0.051045
0.162895, 0.048825
0.163950, 0.046707
0.165004, 0.044891
0.166059, 0.042671
0.167118, 0.040351
0.168173, 0.037930
0.169227, 0.035710
0.170282, 0.033894
0.171337, 0.031675
0.172391, 0.029657
0.173445, 0.027538
0.174500, 0.025319
0.175554, 0.023503
0.176609, 0.021283
0.177663, 0.019165
0.178718, 0.017147
0.179773, 0.015028
0.180828, 0.013112
0.181882, 0.011296
0.182937, 0.009177
0.183991, 0.007058
0.185045, 0.004940
0.186100, 0.002922
0.187154, 0.001207
0.188209, -0.000811
0.189264, -0.002627
0.190318, -0.004543
0.191373, -0.006359
0.192428, -0.008074
0.193483, -0.010092
0.194538, -0.012009
0.195593, -0.013926
0.196649, -0.015843
0.197703, -0.017659
0.198757, -0.019273
0.199812, -0.021190
0.200867, -0.023107
0.201922, -0.024922
0.202977, -0.026638
0.204032, -0.028453
0.205088, -0.030169
0.206143, -0.031984
0.207207, -0.033700
0.208263, -0.035314
0.209318, -0.036827
0.210373, -0.038643
0.211429, -0.040358
0.212487, -0.042174
0.213545, -0.043889
0.214602, -0.045402
0.215658, -0.047117
0.216716, -0.048732
0.217772, -0.050346
0.218828, -0.051859
0.219885, -0.053473
0.220941, -0.054886
0.221997, -0.056500
0.223054, -0.058114
0.224110, -0.059728
0.225166, -0.061342
0.226261, -0.062957
0.227323, -0.064470
0.228379, -0.065781
0.229435, -0.067194
0.230492, -0.068707
0.231549, -0.070220
0.232605, -0.071834
0.233661, -0.073348
0.234718, -0.074861
0.235775, -0.076072
0.236832, -0.077686
0.237889, -0.078997
0.238946, -0.080410
0.240003, -0.081620
0.241062, -0.082932
0.242121, -0.084243
0.243179, -0.085656
0.244234, -0.087169
0.245289, -0.088582
0.246344, -0.089792
0.247400, -0.091205
0.248455, -0.092516
0.249510, -0.093929
0.250565, -0.095240
0.251620, -0.096350
0.252677, -0.097762
0.253733, -0.098872
0.254790, -0.100083
0.255846, -0.101394
0.256903, -0.102504
0.257960, -0.103614
0.259016, -0.104925
0.260071, -0.106136
0.261127, -0.107346
0.262183, -0.108557
0.263240, -0.109869
0.264296, -0.110877
0.265352, -0.112088
0.266407, -0.113299
0.267464, -0.114408
0.268519, -0.115518
0.269576, -0.116628
0.270631, -0.117637
0.271686, -0.118747
0.272742, -0.119957
0.273798, -0.121067
0.274854, -0.121975
0.275910, -0.123085
0.276965, -0.124194
0.278021, -0.125203
0.279077, -0.126313
0.280133, -0.127322
0.281189, -0.128230
0.282245, -0.129340
0.283301, -0.130248
0.284357, -0.131256
0.285413, -0.132164
0.286468, -0.132971
0.287524, -0.133980
0.288579, -0.134989
0.289634, -0.135998
0.290689, -0.136906
0.291745, -0.137713
0.292800, -0.138621
0.293856, -0.139630
0.294911, -0.140538
0.295966, -0.141446
0.297022, -0.142354
0.298077, -0.143060
0.299133, -0.143968
0.300189, -0.144775
0.301244, -0.145683
0.302300, -0.146490
0.303358, -0.147196
0.304413, -0.147903
0.305469, -0.148609
0.306524, -0.149517
0.307579, -0.150223
0.308634, -0.150929
0.309689, -0.151635
0.310745, -0.152342
0.311801, -0.153048
0.312857, -0.153855
0.313913, -0.154460
0.314969, -0.155166
0.316025, -0.155973
0.317080, -0.156680
0.318135, -0.157386
0.319191, -0.157991
0.320247, -0.158597
0.321303, -0.159303
0.322358, -0.160009
0.323413, -0.160614
0.324469, -0.161220
0.325528, -0.161825
0.326587, -0.162430
0.327644, -0.162935
0.328700, -0.163439
0.329758, -0.163943
0.330816, -0.164448
0.331875, -0.164952
0.332930, -0.165457
0.333990, -0.165961
0.335045, -0.166466
0.336105, -0.166970
0.337161, -0.167374
0.338220, -0.167777
0.339276, -0.168181
0.340331, -0.168685
0.341387, -0.169089
0.342445, -0.169492
0.343503, -0.169896
0.344559, -0.170299
0.345614, -0.170602
0.346670, -0.171006
0.347729, -0.171308
0.348784, -0.171712
0.349839, -0.172014
0.350894, -0.172317
0.351949, -0.172620
0.353005, -0.172922
0.354060, -0.173225
0.355116, -0.173427
0.356171, -0.173729
0.357226, -0.173931
0.358281, -0.174133
0.359335, -0.174436
0.360390, -0.174637
0.361445, -0.174738
0.362500, -0.174940
0.363555, -0.175142
0.364609, -0.175344
0.365664, -0.175444
0.366718, -0.175545
0.367773, -0.175747
0.368828, -0.175848
0.369883, -0.175949
0.370938, -0.176050
0.371992, -0.176151
0.373052, -0.176252
0.374107, -0.176252
0.375165, -0.176352
0.376220, -0.176352
0.377274, -0.176352
0.378330, -0.176453
0.379384, -0.176453
0.380441, -0.176453
0.381495, -0.176453
0.382549, -0.176352
0.383604, -0.176352
0.384658, -0.176352
0.385712, -0.176352
0.386766, -0.176252
0.387821, -0.176252
0.388876, -0.176151
0.389930, -0.176151
0.390985, -0.176050
0.392042, -0.176050
0.393096, -0.175949
0.394151, -0.175949
0.395205, -0.175848
0.396260, -0.175747
0.397314, -0.175747
0.398368, -0.175646
0.399423, -0.175646
0.400478, -0.175545
0.401533, -0.175444
0.402588, -0.175444
0.403645, -0.175344
0.404699, -0.175243
0.405753, -0.175243
0.406808, -0.175142
0.407862, -0.175142
0.408916, -0.175041
0.409971, -0.174940
0.411026, -0.174940
0.412082, -0.174839
0.413136, -0.174839
0.414191, -0.174738
0.415248, -0.174738
0.416302, -0.174738
0.417357, -0.174637
0.418411, -0.174637
0.419466, -0.174537
0.420520, -0.174537
0.421574, -0.174537
0.422629, -0.174436
0.423687, -0.174436
0.424741, -0.174436
0.425798, -0.174335
0.426859, -0.174335
0.427913, -0.174335
0.428968, -0.174335
0.430022, -0.174234
0.431081, -0.174234
0.432135, -0.174234
0.433189, -0.174234
0.434244, -0.174234
0.435298, -0.174234
0.436352, -0.174234
0.437406, -0.174133
0.438460, -0.174133
0.439514, -0.174133
0.440569, -0.174133
0.441626, -0.174133
0.442730, -0.174133
0.443787, -0.174133
0.444842, -0.174133
0.445897, -0.174133
0.446952, -0.174133
0.448007, -0.174133
0.449062, -0.174133
0.450117, -0.174133
0.451172, -0.174133
0.452226, -0.174133
0.453281, -0.174133
0.454336, -0.174133
0.455392, -0.174133
0.456447, -0.174133
0.457502, -0.174133
0.458557, -0.174234
0.459612, -0.174234
0.460668, -0.174234
0.461723, -0.174234
0.462781, -0.174234
0.463836, -0.174234
0.464892, -0.174133
0.465947, -0.174133
0.467003, -0.174133
0.468059, -0.174133
0.469115, -0.174133
0.470171, -0.174133
0.471225, -0.174133
0.472280, -0.174133
0.473337, -0.174133
0.474393, -0.174133
0.475448, -0.174133
0.476503, -0.174133
0.477559, -0.174133
0.478615, -0.174133
0.479671, -0.174133
0.480726, -0.174133
0.481781, -0.174133
0.482836, -0.174133
0.483892, -0.174133
0.484948, -0.174133
0.486003, -0.174133
0.487058, -0.174133
0.488114, -0.174133
0.489169, -0.174133
0.490225, -0.174133
0.491281, -0.174133
0.492336, -0.174133
0.493391, -0.174133
0.494447, -0.174133
0.495503, -0.174133
0.496559, -0.174133
0.497614, -0.174133
0.498669, -0.174133
0.499725, -0.174133
0.500782, -0.174133
0.501837, -0.174133
0.502891, -0.174133
0.503946, -0.174133
0.505003, -0.174133
0.506058, -0.174133
0.507114, -0.174133
0.508169, -0.174133
0.509223, -0.174133
0.510278, -0.174133
0.511334, -0.174133
0.512389, -0.174133
0.513443, -0.174133
0.514498, -0.174133
0.515553, -0.174133
0.516607, -0.174133
0.517663, -0.174133
0.518719, -0.174133
0.519773, -0.174133
0.520828, -0.174133
0.521882, -0.174133
0.522938, -0.174133
0.523994, -0.174133
0.525048, -0.174133
0.526104, -0.174133
0.527165, -0.174133
0.528224, -0.174133
0.529280, -0.174133
0.530335, -0.174133
0.531390, -0.174133
0.532445, -0.174133
0.533501, -0.174133
0.534556, -0.174133
0.535613, -0.174133
0.536668, -0.174133
0.537723, -0.174133
0.538778, -0.174133
0.539833, -0.174133
0.540895, -0.174133
0.541957, -0.174133
0.543014, -0.174133
0.544069, -0.174133
0.545124, -0.174133
0.546184, -0.174133
0.547240, -0.174133
0.548295, -0.174133
0.549350, -0.174133
0.550405, -0.174133
0.551466, -0.174133
0.552521, -0.174133
0.553576, -0.174133
0.554631, -0.174133
0.555688, -0.174133
0.556746, -0.174133
0.557801, -0.174133
0.558855, -0.174133
0.559910, -0.174133
0.560964, -0.174133
0.562022, -0.174133
0.563076, -0.174133
0.564131, -0.174133
0.565185, -0.174133
0.566240, -0.174133
0.567295, -0.174133
0.568351, -0.174133
0.569405, -0.174133
0.570461, -0.174133
0.571520, -0.174133
0.572577, -0.174133
0.573633, -0.174133
0.574689, -0.174133
0.575746, -0.174133
0.576802, -0.174133
0.577859, -0.174133
0.578915, -0.174133
0.579972, -0.174133
0.581032, -0.174133
0.582092, -0.174133
0.583149, -0.174133
0.584205, -0.174133
0.585261, -0.174133
0.586317, -0.174133
0.587374, -0.174133
0.588430, -0.174133
0.589486, -0.174133
0.590543, -0.174133
0.591601, -0.174133
0.592662, -0.174133
0.593719, -0.174133
0.594777, -0.174133
0.595835, -0.174133
0.596892, -0.174133
0.597949, -0.174133
0.599006, -0.174133
0.600064, -0.174133
0.601122, -0.174133
0.602180, -0.174133
0.603237, -0.174133
0.604294, -0.174133
0.605352, -0.174133
0.606410, -0.174133
0.607467, -0.174133
0.608524, -0.174133
0.609581, -0.174133
0.610638, -0.174133
0.611695, -0.174133
0.612752, -0.174133
0.613810, -0.174133
0.614867, -0.174133
0.615924, -0.174133
0.616981, -0.174133
0.618038, -0.174133
0.619095, -0.174133
0.620151, -0.174133
0.621208, -0.174133
0.622263, -0.174133
0.623320, -0.174133
0.624377, -0.174133
0.625434, -0.174133
0.626492, -0.174133
0.627553, -0.174133
0.628610, -0.174133
0.629666, -0.174133
0.630721, -0.174133
0.631776, -0.174133
0.632833, -0.174133
0.633889, -0.174133
0.634944, -0.174234
0.635999, -0.174234
0.637055, -0.174234
0.638111, -0.174234
0.639167, -0.174234
0.640223, -0.174234
0.641283, -0.174234
0.642344, -0.174234
0.643403, -0.174234
0.644460, -0.174234
0.645517, -0.174234
0.646575, -0.174234
0.647632, -0.174234
0.648690, -0.174234
0.649747, -0.174234
0.650805, -0.174234
0.651862, -0.174234
0.652919, -0.174234
0.653977, -0.174234
0.655035, -0.174234
0.656093, -0.174234
0.657150, -0.174234
0.658208, -0.174234
0.659301, -0.174234
0.660359, -0.174234
0.661416, -0.174234
0.662473, -0.174234
0.663530, -0.174234
0.664587, -0.174234
0.665644, -0.174234
0.666701, -0.174234
0.667758, -0.174234
0.668815, -0.174234
0.669872, -0.174234
0.670930, -0.174234
0.671987, -0.174234
0.673044, -0.174234
0.674101, -0.174234
0.675157, -0.174234
0.676214, -0.174234
0.677271, -0.174234
0.678328, -0.174234
0.679384, -0.174234
0.680442, -0.174234
0.681499, -0.174234
0.682556, -0.174234
0.683613, -0.174234
0.684670, -0.174234
0.685727, -0.174234
0.686784, -0.174234
0.687841, -0.174234
0.688898, -0.174234
0.689954, -0.174234
0.691012, -0.174234
0.692069, -0.174234
0.693126, -0.174234
0.694183, -0.174234
0.695239, -0.174234
0.696297, -0.174234
0.697354, -0.174234
0.698411, -0.174234
0.699467, -0.174234
0.700525, -0.174234
0.701584, -0.174234
0.702642, -0.174234
0.703699, -0.174234
0.704755, -0.174234
0.705812, -0.174234
0.706869, -0.174234
0.707926, -0.174234
0.708982, -0.174234
0.710042, -0.174234
0.711099, -0.174234
0.712157, -0.174234
0.713214, -0.174234
0.714271, -0.174234
0.715328, -0.174234
0.716385, -0.174234
0.717442, -0.174234
0.718499, -0.174234
0.719556, -0.174234
0.720613, -0.174234
0.721670, -0.174234
0.722727, -0.174234
0.723784, -0.174234
0.724841, -0.174234
0.725901, -0.174234
0.726964, -0.174234
0.728021, -0.174234
0.729078, -0.174234
0.730136, -0.174234
0.731193, -0.174234
0.732250, -0.174234
0.733307, -0.174234
0.734364, -0.174234
0.735421, -0.174234
0.736478, -0.174234
0.737535, -0.174234
0.738592, -0.174234
0.739649, -0.174234
0.740708, -0.174234
0.741769, -0.174234
0.742827, -0.174234
0.743885, -0.174234
0.744942, -0.174234
0.745999, -0.174234
0.747056, -0.174234
0.748113, -0.174234
0.749169, -0.174234
0.750227, -0.174234
0.751283, -0.174234
0.752340, -0.174234
0.753397, -0.174234
0.754456, -0.174234
0.755514, -0.174234
0.756572, -0.174234
0.757630, -0.174234
0.758688, -0.174234
0.759746, -0.174234
0.760801, -0.174234
0.761856, -0.174234
0.762910, -0.174234
0.763965, -0.174234
0.765020, -0.174234
0.766074, -0.174234
0.767129, -0.174234
0.768183, -0.174234
0.769240, -0.174234
0.770295, -0.174234
0.771350, -0.174234
0.772405, -0.174234
0.773459, -0.174234
0.774514, -0.174234
0.775569, -0.174234
0.776623, -0.174234
0.777678, -0.174234
0.778732, -0.174234
0.779787, -0.174234
0.780842, -0.174234
0.781897, -0.174234
0.782952, -0.174234
0.784007, -0.174234
0.785061, -0.174234
0.786117, -0.174234
0.787171, -0.174234
0.788225, -0.174234
0.789280, -0.174234
0.790335, -0.174234
0.791389, -0.174234
0.792444, -0.174234
0.793498, -0.174234
0.794553, -0.174234
0.795607, -0.174234
0.796661, -0.174234
0.797716, -0.174234
0.798771, -0.174234
0.799826, -0.174234
0.800881, -0.174234
0.801936, -0.174234
0.802994, -0.174234
0.804056, -0.174234
0.805112, -0.174234
0.806167, -0.174234
0.807223, -0.174234
0.808282, -0.174234
0.809338, -0.174234
0.810392, -0.174234
0.811447, -0.174234
0.812502, -0.174234
0.813558, -0.174234
0.814614, -0.174234
0.815668, -0.174234
0.816723, -0.174234
0.817779, -0.174234
0.818834, -0.174234
0.819889, -0.174234
0.820944, -0.174234
0.821998, -0.174234
0.823054, -0.174234
0.824113, -0.174234
0.825170, -0.174234
0.826227, -0.174234
0.827285, -0.174234
0.828340, -0.174234
0.829396, -0.174234
0.830451, -0.174234
0.831507, -0.174234
0.832562, -0.174234
0.833617, -0.174234
0.834672, -0.174234
0.835728, -0.174234
0.836783, -0.174234
0.837839, -0.174234
0.838899, -0.174234
0.839957, -0.174234
0.841017, -0.174234
0.842079, -0.174234
0.843138, -0.174234
0.844193, -0.174234
0.845247, -0.174234
0.846302, -0.174234
0.847356, -0.174234
0.848411, -0.174234
0.849466, -0.174234
0.850521, -0.174234
0.851575, -0.174234
0.852630, -0.174234
0.853684, -0.174234
0.854740, -0.174234
0.855796, -0.174234
0.856851, -0.174234
0.857906, -0.174234
0.858961, -0.174234
0.860019, -0.174234
0.861078, -0.174234
0.862133, -0.174234
0.863188, -0.174234
0.864244, -0.174234
0.865299, -0.174234
0.866353, -0.174234
0.867408, -0.174234
0.868463, -0.174234
0.869519, -0.174234
0.870575, -0.174234
0.871631, -0.174234
0.872685, -0.174234
0.873740, -0.174234
0.874796, -0.174234
0.875884, -0.174234
0.876939, -0.174234
0.877995, -0.174234
0.879053, -0.174234
0.880109, -0.174234
0.881168, -0.174234
0.882223, -0.174234
0.883278, -0.174234
0.884334, -0.174234
0.885391, -0.174234
0.886446, -0.174234
0.887501, -0.174234
0.888556, -0.174234
0.889615, -0.174234
0.890670, -0.174234
0.891725, -0.174234
0.892781, -0.174234
0.893836, -0.174234
0.894891, -0.174234
0.895950, -0.174234
0.897005, -0.174234
0.898060, -0.174234
0.899115, -0.174234
0.900176, -0.174234
0.901231, -0.174234
0.902286, -0.174234
0.903340, -0.174234
0.904395, -0.174234
0.905449, -0.174234
0.906503, -0.174234
0.907562, -0.174234
0.908616, -0.174234
0.909670, -0.174234
0.910726, -0.174234
0.911782, -0.174234
0.912837, -0.174234
0.913891, -0.174234
0.914946, -0.174234
0.916000, -0.174234
0.917054, -0.174234
0.918108, -0.174234
0.919162, -0.174234
0.920216, -0.174234
0.921271, -0.174234
0.922325, -0.174234
0.923384, -0.174234
0.924439, -0.174234
0.925496, -0.174234
0.926559, -0.174234
0.927617, -0.174234
0.928673, -0.174234
0.000000, 0.475372
0.001075, 0.475372
0.002133, 0.474766
0.003190, 0.474060
0.004248, 0.473253
0.005305, 0.472244
0.006364, 0.470832
0.007422, 0.469419
0.008479, 0.467805
0.009536, 0.466090
0.010595, 0.463972
0.011666, 0.461550
0.012726, 0.458725
0.013783, 0.455598
0.014839, 0.452269
0.015897, 0.449242
0.016955, 0.446014
0.018012, 0.442584
0.019069, 0.439456
0.020127, 0.436228
0.021183, 0.432899
0.022239, 0.429166
0.023296, 0.425332
0.024354, 0.421801
0.025416, 0.418674
0.026485, 0.415042
0.027546, 0.411511
0.028606, 0.408182
0.029663, 0.404852
0.030720, 0.401927
0.031776, 0.398597
0.032834, 0.395167
0.033890, 0.391636
0.034947, 0.388004
0.036005, 0.385079
0.037061, 0.381749
0.038118, 0.378319
0.039182, 0.375091
0.040240, 0.371863
0.041298, 0.368735
0.042358, 0.365406
0.043414, 0.362278
0.044472, 0.358848
0.045529, 0.355519
0.046586, 0.352291
0.047643, 0.349567
0.048700, 0.346338
0.049757, 0.343110
0.050814, 0.339882
0.051871, 0.336754
0.052928, 0.333526
0.053986, 0.330499
0.055044, 0.327271
0.056102, 0.324143
0.057159, 0.321016
0.058216, 0.317989
0.059273, 0.314761
0.060330, 0.311835
0.061387, 0.308708
0.062444, 0.305479
0.063501, 0.302453
0.064559, 0.299426
0.065616, 0.296198
0.066673, 0.293373
0.067730, 0.290246
0.068788, 0.287320
0.069846, 0.284293
0.070903, 0.281166
0.071960, 0.278139
0.073017, 0.275415
0.074074, 0.272389
0.075131, 0.269261
0.076188, 0.266134
0.077244, 0.263006
0.078300, 0.259980
0.079356, 0.257357
0.080414, 0.254532
0.081472, 0.251606
0.082529, 0.248580
0.083586, 0.245856
0.084643, 0.242728
0.085700, 0.239702
0.086756, 0.236776
0.087813, 0.233850
0.088871, 0.230925
0.089928, 0.228403
0.090986, 0.225376
0.092043, 0.222551
0.093099, 0.219525
0.094156, 0.216599
0.095213, 0.213673
0.096270, 0.211353
0.097327, 0.208528
0.098385, 0.205703
0.099442, 0.202576
0.100498, 0.199650
0.101555, 0.196926
0.102612, 0.194202
0.103668, 0.191478
0.104725, 0.188653
0.105785, 0.186232
0.106844, 0.183407
0.107900, 0.180683
0.108955, 0.178262
0.110011, 0.175639
0.111066, 0.172915
0.112123, 0.169788
0.113180, 0.167165
0.114236, 0.164340
0.115292, 0.161515
0.116352, 0.158892
0.117409, 0.156572
0.118465, 0.153747
0.119520, 0.150922
0.120575, 0.148198
0.121631, 0.145575
0.122688, 0.143053
0.123745, 0.140833
0.124801, 0.138109
0.125859, 0.135386
0.126916, 0.132762
0.127973, 0.130139
0.129033, 0.127920
0.130093, 0.125600
0.131149, 0.122977
0.132206, 0.120354
0.133263, 0.117630
0.134319, 0.115107
0.135375, 0.112484
0.136432, 0.110467
0.137488, 0.107945
0.138544, 0.105321
0.139600, 0.102698
0.140667, 0.100176
0.141729, 0.097856
0.142788, 0.095737
0.143845, 0.093417
0.144902, 0.090996
0.145959, 0.088474
0.147016, 0.085951
0.148073, 0.083631
0.149130, 0.081512
0.150187, 0.079091
0.151244, 0.076872
0.152301, 0.074349
0.153358, 0.072231
0.154416, 0.069709
0.155474, 0.067388
0.156531, 0.065068
0.157588, 0.063050
0.158645, 0.060932
0.159702, 0.058611
0.160760, 0.056291
0.161819, 0.053970
0.162876, 0.051650
0.163933, 0.049834
0.164990, 0.047615
0.166048, 0.045597
0.167105, 0.043377
0.168162, 0.041057
0.169220, 0.038938
0.170277, 0.036921
0.171334, 0.034802
0.172392, 0.032684
0.173448, 0.030565
0.174504, 0.028547
0.175561, 0.026429
0.176618, 0.024512
0.177676, 0.022393
0.178733, 0.020275
0.179790, 0.018156
0.180847, 0.016138
0.181912, 0.014423
0.182969, 0.012204
0.184026, 0.010287
0.185083, 0.008168
0.186140, 0.006150
0.187197, 0.004032
0.188254, 0.002317
0.189311, 0.000400
0.190367, -0.001517
0.191424, -0.003333
0.192482, -0.005250
0.193540, -0.007167
0.194597, -0.008882
0.195655, -0.010798
0.196712, -0.012715
0.197769, -0.014632
0.198826, -0.016448
0.199883, -0.018062
0.200940, -0.019777
0.201998, -0.021694
0.203056, -0.023611
0.204115, -0.025427
0.205174, -0.027243
0.206234, -0.028857
0.207291, -0.030572
0.208347, -0.032287
0.209403, -0.034002
0.210460, -0.035616
0.211516, -0.037331
0.212572, -0.038845
0.213627, -0.040661
0.214682, -0.042376
0.215737, -0.044091
0.216797, -0.045806
0.217853, -0.047218
0.218910, -0.048933
0.219965, -0.050447
0.221020, -0.051960
0.222075, -0.053574
0.223133, -0.054987
0.224188, -0.056500
0.225246, -0.058114
0.226342, -0.059728
0.227400, -0.061342
0.228455, -0.062856
0.229510, -0.064369
0.230566, -0.065882
0.231621, -0.067093
0.232676, -0.068606
0.233732, -0.070119
0.234787, -0.071633
0.235842, -0.073146
0.236903, -0.074458
0.237960, -0.075870
0.239015, -0.077383
0.240074, -0.078695
0.241134, -0.079905
0.242193, -0.081419
0.243248, -0.082629
0.244304, -0.083941
0.245360, -0.085353
0.246415, -0.086766
0.247470, -0.087976
0.248527, -0.089389
0.249582, -0.090700
0.250636, -0.092113
0.251691, -0.093424
0.252746, -0.094635
0.253804, -0.095946
0.254860, -0.097258
0.255921, -0.098468
0.256978, -0.099578
0.258034, -0.100688
0.259091, -0.101899
0.260147, -0.103109
0.261202, -0.104320
0.262258, -0.105530
0.263318, -0.106640
0.264375, -0.107851
0.265431, -0.109061
0.266487, -0.110272
0.267547, -0.111382
0.268606, -0.112592
0.269664, -0.113803
0.270719, -0.114711
0.271775, -0.115821
0.272831, -0.116830
0.273887, -0.118040
0.274943, -0.119049
0.275999, -0.120058
0.277060, -0.121168
0.278115, -0.122278
0.279171, -0.123286
0.280226, -0.124396
0.281282, -0.125405
0.282340, -0.126313
0.283396, -0.127322
0.284452, -0.128331
0.285508, -0.129340
0.286567, -0.130348
0.287623, -0.131156
0.288679, -0.132063
0.289735, -0.132971
0.290791, -0.133980
0.291852, -0.134888
0.292908, -0.135897
0.293965, -0.136704
0.295020, -0.137612
0.296075, -0.138520
0.297134, -0.139529
0.298189, -0.140437
0.299245, -0.141143
0.300302, -0.142051
0.301358, -0.142858
0.302413, -0.143766
0.303468, -0.144573
0.304524, -0.145481
0.305580, -0.146188
0.306640, -0.146894
0.307696, -0.147600
0.308751, -0.148306
0.309807, -0.149113
0.310863, -0.149920
0.311920, -0.150526
0.312977, -0.151232
0.314032, -0.151938
0.315091, -0.152644
0.316147, -0.153350
0.317202, -0.153956
0.318258, -0.154662
0.319314, -0.155469
0.320369, -0.156175
0.321426, -0.156881
0.322484, -0.157487
0.323541, -0.158092
0.324597, -0.158697
0.325657, -0.159404
0.326716, -0.160110
0.327778, -0.160614
0.328838, -0.161220
0.329895, -0.161825
0.330951, -0.162430
0.332006, -0.162935
0.333062, -0.163439
0.334123, -0.163943
0.335179, -0.164347
0.336235, -0.164851
0.337291, -0.165356
0.338346, -0.165860
0.339402, -0.166365
0.340462, -0.166667
0.341524, -0.167172
0.342582, -0.167575
0.343639, -0.167979
0.344696, -0.168382
0.345754, -0.168786
0.346811, -0.169190
0.347866, -0.169492
0.348922, -0.169896
0.349977, -0.170299
0.351033, -0.170602
0.352089, -0.170905
0.353148, -0.171207
0.354205, -0.171611
0.355262, -0.171913
0.356318, -0.172115
0.357374, -0.172418
0.358429, -0.172721
0.359485, -0.172922
0.360542, -0.173124
0.361598, -0.173326
0.362654, -0.173629
0.363710, -0.173830
0.364766, -0.174032
0.365823, -0.174133
0.366879, -0.174335
0.367934, -0.174537
0.368995, -0.174637
0.370051, -0.174738
0.371107, -0.174940
0.372163, -0.175041
0.373224, -0.175142
0.374279, -0.175243
0.375335, -0.175344
0.376394, -0.175344
0.377451, -0.175444
0.378508, -0.175444
0.379563, -0.175545
0.380619, -0.175545
0.381676, -0.175545
0.382731, -0.175646
0.383786, -0.175646
0.384842, -0.175646
0.385903, -0.175646
0.386958, -0.175545
0.388015, -0.175545
0.389071, -0.175545
0.390125, -0.175444
0.391181, -0.175444
0.392237, -0.175444
0.393293, -0.175344
0.394347, -0.175344
0.395403, -0.175243
0.396463, -0.175142
0.397519, -0.175142
0.398576, -0.175041
0.399631, -0.175041
0.400687, -0.174940
0.401744, -0.174839
0.402800, -0.174839
0.403857, -0.174738
0.404912, -0.174738
0.405967, -0.174637
0.407024, -0.174637
0.408080, -0.174537
0.409137, -0.174537
0.410198, -0.174436
0.411257, -0.174335
0.412314, -0.174335
0.413370, -0.174234
0.414426, -0.174234
0.415495, -0.174133
0.416552, -0.174133
0.417609, -0.174032
0.418664, -0.174032
0.419720, -0.174032
0.420776, -0.173931
0.421833, -0.173931
0.422889, -0.173931
0.423944, -0.173830
0.425001, -0.173830
0.426059, -0.173729
0.427118, -0.173729
0.428174, -0.173729
0.429230, -0.173729
0.430286, -0.173629
0.431343, -0.173629
0.432400, -0.173629
0.433455, -0.173629
0.434510, -0.173629
0.435565, -0.173528
0.436621, -0.173528
0.437677, -0.173528
0.438732, -0.173528
0.439788, -0.173528
0.440846, -0.173528
0.441906, -0.173528
0.442995, -0.173528
0.444073, -0.173528
0.445134, -0.173528
0.446194, -0.173528
0.447255, -0.173528
0.448313, -0.173528
0.449373, -0.173528
0.450434, -0.173528
0.451496, -0.173528
0.452556, -0.173528
0.453616, -0.173528
0.454678, -0.173528
0.455727, -0.173528
0.456788, -0.173528
0.457849, -0.173528
0.458911, -0.173528
0.459969, -0.173528
0.461028, -0.173528
0.462086, -0.173528
0.463163, -0.173528
0.464221, -0.173528
0.465278, -0.173528
0.466334, -0.173528
0.467391, -0.173528
0.468448, -0.173528
0.469505, -0.173528
0.470562, -0.173528
0.471619, -0.173528
0.472676, -0.173528
0.473732, -0.173528
0.474789, -0.173528
0.475846, -0.173528
0.476903, -0.173528
0.477977, -0.173528
0.479056, -0.173528
0.480113, -0.173528
0.481169, -0.173528
0.482226, -0.173528
0.483282, -0.173528
0.484338, -0.173528
0.485397, -0.173528
0.486455, -0.173528
0.487513, -0.173528
0.488571, -0.173528
0.489643, -0.173528
0.490699, -0.173528
0.491733, -0.173528
0.492793, -0.173528
0.493870, -0.173528
0.494927, -0.173528
0.495983, -0.173528
0.497039, -0.173528
0.498095, -0.173528
0.499152, -0.173528
0.500209, -0.173528
0.501265, -0.173528
0.502322, -0.173528
0.503378, -0.173528
0.504434, -0.173528
0.505491, -0.173528
0.506549, -0.173528
0.507608, -0.173528
0.508664, -0.173528
0.509721, -0.173528
0.510778, -0.173528
0.511835, -0.173528
0.512892, -0.173528
0.513949, -0.173528
0.515006, -0.173528
0.516062, -0.173528
0.517119, -0.173528
0.518177, -0.173528
0.519234, -0.173528
0.520292, -0.173528
0.521354, -0.173528
0.522415, -0.173528
0.523476, -0.173528
0.524538, -0.173528
0.525598, -0.173528
0.526658, -0.173528
0.527721, -0.173528
0.528786, -0.173528
0.529848, -0.173528
0.530934, -0.173528
0.531994, -0.173528
0.533054, -0.173528
0.534113, -0.173528
0.535171, -0.173528
0.536229, -0.173528
0.537288, -0.173528
0.538346, -0.173528
0.539404, -0.173528
0.540462, -0.173528
0.541519, -0.173528
0.542576, -0.173528
0.543633, -0.173528
0.544691, -0.173528
0.545748, -0.173528
0.546805, -0.173528
0.547863, -0.173528
0.548920, -0.173528
0.549977, -0.173528
0.551035, -0.173528
0.552092, -0.173528
0.553149, -0.173528
0.554206, -0.173528
0.555263, -0.173528
0.556334, -0.173528
0.557391, -0.173528
0.558447, -0.173528
0.559503, -0.173528
0.560560, -0.173528
0.561616, -0.173528
0.562671, -0.173528
0.563726, -0.173528
0.564781, -0.173528
0.565838, -0.173528
0.566894, -0.173528
0.567949, -0.173528
0.569004, -0.173528
0.570060, -0.173528
0.571118, -0.173528
0.572174, -0.173528
0.573230, -0.173528
0.574285, -0.173528
0.575340, -0.173528
0.576396, -0.173528
0.577452, -0.173528
0.578508, -0.173528
0.579563, -0.173528
0.580618, -0.173528
0.581675, -0.173528
0.582730, -0.173528
0.583785, -0.173528
0.584840, -0.173528
0.585895, -0.173528
0.586951, -0.173528
0.588006, -0.173528
0.589062, -0.173528
0.590117, -0.173528
0.591172, -0.173528
0.592228, -0.173528
0.593283, -0.173528
0.594338, -0.173528
0.595394, -0.173528
0.596449, -0.173528
0.597505, -0.173528
0.598561, -0.173528
0.599617, -0.173528
0.600672, -0.173528
0.601728, -0.173528
0.602783, -0.173528
0.603838, -0.173528
0.604893, -0.173528
0.605948, -0.173528
0.607003, -0.173528
0.608058, -0.173528
0.609114, -0.173528
0.610170, -0.173528
0.611227, -0.173528
0.612283, -0.173528
0.613339, -0.173528
0.614394, -0.173528
0.615449, -0.173528
0.616504, -0.173528
0.617561, -0.173528
0.618616, -0.173528
0.619671, -0.173528
0.620726, -0.173528
0.621781, -0.173528
0.622841, -0.173528
0.623901, -0.173528
0.624958, -0.173528
0.626017, -0.173528
0.627076, -0.173528
0.628132, -0.173528
0.629189, -0.173528
0.630246, -0.173528
0.631302, -0.173528
0.632362, -0.173528
0.633419, -0.173528
0.634478, -0.173528
0.635537, -0.173528
0.636592, -0.173528
0.637646, -0.173528
0.638701, -0.173528
0.639755, -0.173528
0.640815, -0.173528
0.641876, -0.173528
0.642931, -0.173528
0.643986, -0.173528
0.645041, -0.173528
0.646095, -0.173528
0.647150, -0.173528
0.648206, -0.173528
0.649261, -0.173528
0.650316, -0.173528
0.651372, -0.173528
0.652427, -0.173528
0.653483, -0.173528
0.654540, -0.173528
0.655596, -0.173528
0.656652, -0.173528
0.657707, -0.173528
0.658763, -0.173528
0.659856, -0.173528
0.660915, -0.173528
0.661972, -0.173528
0.663029, -0.173528
0.664087, -0.173528
0.665144, -0.173528
0.666201, -0.173528
0.667258, -0.173528
0.668315, -0.173528
0.669372, -0.173528
0.670429, -0.173528
0.671486, -0.173528
0.672543, -0.173528
0.673600, -0.173528
0.674657, -0.173528
0.675714, -0.173528
0.676777, -0.173528
0.677834, -0.173528
0.678891, -0.173528
0.679948, -0.173528
0.681005, -0.173528
0.682061, -0.173528
0.683118, -0.173528
0.684175, -0.173528
0.685232, -0.173528
0.686289, -0.173528
0.687346, -0.173528
0.688403, -0.173528
0.689460, -0.173528
0.690517, -0.173528
0.691574, -0.173528
0.692631, -0.173528
0.693687, -0.173528
0.694744, -0.173528
0.695801, -0.173528
0.696858, -0.173528
0.697914, -0.173528
0.698971, -0.173528
0.700027, -0.173528
0.701085, -0.173528
0.702141, -0.173528
0.703198, -0.173528
0.704255, -0.173528
0.705312, -0.173528
0.706369, -0.173528
0.707425, -0.173528
0.708482, -0.173528
0.709539, -0.173528
0.710595, -0.173528
0.711652, -0.173528
0.712709, -0.173528
0.713765, -0.173528
0.714821, -0.173528
0.715878, -0.173528
0.716935, -0.173528
0.717992, -0.173528
0.719049, -0.173528
0.720106, -0.173528
0.721163, -0.173528
0.722219, -0.173528
0.723276, -0.173528
0.724332, -0.173528
0.725389, -0.173528
0.726446, -0.173528
0.727504, -0.173528
0.728561, -0.173528
0.729618, -0.173528
0.730675, -0.173528
0.731733, -0.173528
0.732791, -0.173528
0.733848, -0.173528
0.734904, -0.173528
0.735961, -0.173528
0.737018, -0.173528
0.738075, -0.173528
0.739133, -0.173528
0.740193, -0.173528
0.741254, -0.173528
0.742313, -0.173528
0.743367, -0.173528
0.744423, -0.173528
0.745477, -0.173528
0.746532, -0.173528
0.747587, -0.173528
0.748643, -0.173528
0.749698, -0.173528
0.750752, -0.173528
0.751807, -0.173528
0.752862, -0.173528
0.753918, -0.173528
0.754974, -0.173528
0.756030, -0.173528
0.757086, -0.173528
0.758141, -0.173528
0.759196, -0.173528
0.760252, -0.173528
0.761307, -0.173528
0.762363, -0.173528
0.763418, -0.173528
0.764474, -0.173528
0.765530, -0.173528
0.766585, -0.173528
0.767639, -0.173528
0.768694, -0.173528
0.769749, -0.173528
0.770804, -0.173528
0.771859, -0.173528
0.772918, -0.173528
0.773977, -0.173528
0.775033, -0.173528
0.776091, -0.173528
0.777147, -0.173528
0.778204, -0.173528
0.779261, -0.173528
0.780318, -0.173528
0.781375, -0.173528
0.782432, -0.173528
0.783489, -0.173528
0.784546, -0.173528
0.785602, -0.173528
0.786659, -0.173528
0.787724, -0.173528
0.788781, -0.173528
0.789838, -0.173528
0.790896, -0.173528
0.791953, -0.173528
0.793009, -0.173528
0.794066, -0.173528
0.795123, -0.173528
0.796180, -0.173528
0.797236, -0.173528
0.798293, -0.173528
0.799350, -0.173528
0.800407, -0.173528
0.801466, -0.173528
0.802523, -0.173528
0.803579, -0.173528
0.804636, -0.173528
0.805693, -0.173528
0.806750, -0.173528
0.807807, -0.173528
0.808863, -0.173528
0.809920, -0.173528
0.810977, -0.173528
0.812034, -0.173528
0.813090, -0.173528
0.814147, -0.173528
0.815204, -0.173528
0.816261, -0.173528
0.817318, -0.173528
0.818375, -0.173528
0.819431, -0.173528
0.820488, -0.173528
0.821545, -0.173528
0.822602, -0.173528
0.823659, -0.173528
0.824716, -0.173528
0.825774, -0.173528
0.826832, -0.173528
0.827893, -0.173528
0.828949, -0.173528
0.830006, -0.173528
0.831060, -0.173528
0.832116, -0.173528
0.833171, -0.173528
0.834227, -0.173528
0.835282, -0.173528
0.836337, -0.173528
0.837393, -0.173528
0.838448, -0.173528
0.839509, -0.173528
0.840564, -0.173528
0.841620, -0.173528
0.842676, -0.173528
0.843725, -0.173528
0.844786, -0.173528
0.845844, -0.173528
0.846899, -0.173528
0.847954, -0.173528
0.849009, -0.173528
0.850064, -0.173528
0.851120, -0.173528
0.852174, -0.173528
0.853236, -0.173528
0.854292, -0.173528
0.855348, -0.173528
0.856404, -0.173528
0.857460, -0.173528
0.858518, -0.173528
0.859574, -0.173528
0.860629, -0.173528
0.861684, -0.173528
0.862742, -0.173528
0.863797, -0.173528
0.864852, -0.173528
0.865906, -0.173528
0.866961, -0.173528
0.868015, -0.173528
0.869074, -0.173528
0.870128, -0.173528
0.871183, -0.173528
0.872237, -0.173528
0.873292, -0.173528
0.874350, -0.173528
0.875404, -0.173528
0.876535, -0.173528
0.877591, -0.173528
0.878645, -0.173528
0.879699, -0.173528
0.880754, -0.173528
0.881808, -0.173528
0.882863, -0.173528
0.883917, -0.173528
0.884972, -0.173528
0.886027, -0.173528
0.887081, -0.173528
0.888135, -0.173528
0.889191, -0.173528
0.890245, -0.173528
0.891299, -0.173528
0.892354, -0.173528
0.893408, -0.173528
0.894462, -0.173528
0.895517, -0.173528
0.896571, -0.173528
0.897625, -0.173528
0.898682, -0.173528
0.899738, -0.173528
0.900793, -0.173528
0.901849, -0.173528
0.902903, -0.173528
0.903958, -0.173528
0.905016, -0.173528
0.906070, -0.173528
0.907124, -0.173528
0.908178, -0.173528
0.909233, -0.173528
0.910292, -0.173528
0.911347, -0.173528
0.912402, -0.173528
0.913457, -0.173528
0.914515, -0.173528
0.915569, -0.173528
0.916623, -0.173528
0.917678, -0.173528
0.918732, -0.173528
0.919787, -0.173528
0.920846, -0.173528
0.921900, -0.173528
0.922954, -0.173528
0.924009, -0.173528
0.925063, -0.173528
0.926120, -0.173528
0.927178, -0.173528
