0.000000, 0.478096
0.001084, 0.478096
0.002158, 0.477591
0.003230, 0.476683
0.004327, 0.475977
0.005391, 0.474867
0.006455, 0.473455
0.007512, 0.472042
0.008570, 0.470832
0.009628, 0.468814
0.010685, 0.466897
0.011742, 0.464375
0.012798, 0.461449
0.013855, 0.458423
0.014911, 0.454993
0.015967, 0.452168
0.017140, 0.448939
0.018209, 0.445106
0.019272, 0.442180
0.020308, 0.438750
0.021368, 0.435320
0.022427, 0.431991
0.023464, 0.428460
0.024527, 0.424323
0.025589, 0.420792
0.026645, 0.416959
0.027701, 0.413730
0.028756, 0.410502
0.029812, 0.407274
0.030867, 0.403944
0.031921, 0.400413
0.032977, 0.397387
0.034035, 0.394158
0.035093, 0.390627
0.036148, 0.386895
0.037203, 0.383162
0.038258, 0.379631
0.039312, 0.376806
0.040367, 0.373678
0.041446, 0.370147
0.042526, 0.366616
0.043608, 0.363085
0.044684, 0.359756
0.045765, 0.356427
0.046846, 0.352997
0.047908, 0.349466
0.048970, 0.346540
0.050032, 0.343211
0.051047, 0.340487
0.052108, 0.337158
0.053164, 0.333627
0.054222, 0.330197
0.055278, 0.326968
0.056335, 0.324143
0.057397, 0.320814
0.058454, 0.317485
0.059519, 0.314357
0.060577, 0.311230
0.061633, 0.308203
0.062690, 0.305278
0.063751, 0.301848
0.064808, 0.298619
0.065864, 0.295492
0.066920, 0.292465
0.067976, 0.289237
0.069034, 0.286008
0.070091, 0.283285
0.071147, 0.280258
0.072212, 0.277433
0.073269, 0.274306
0.074326, 0.271077
0.075382, 0.267849
0.076439, 0.264923
0.077505, 0.261897
0.078561, 0.258971
0.079618, 0.256348
0.080674, 0.253120
0.081731, 0.250093
0.082787, 0.247066
0.083844, 0.244141
0.084905, 0.241417
0.085961, 0.238390
0.087017, 0.235263
0.088074, 0.232236
0.089135, 0.229411
0.090191, 0.226486
0.091248, 0.223863
0.092305, 0.220836
0.093361, 0.217910
0.094418, 0.215086
0.095475, 0.212463
0.096532, 0.209638
0.097589, 0.207116
0.098650, 0.204190
0.099706, 0.201264
0.100763, 0.198338
0.101825, 0.195615
0.102881, 0.192790
0.103938, 0.190268
0.104997, 0.187443
0.106053, 0.184719
0.107110, 0.181995
0.108166, 0.179271
0.109223, 0.176446
0.110283, 0.174025
0.111339, 0.171200
0.112396, 0.168577
0.113453, 0.165853
0.114513, 0.163331
0.115570, 0.160607
0.116627, 0.158186
0.117689, 0.155462
0.118746, 0.152839
0.119803, 0.150216
0.120860, 0.147694
0.121917, 0.145373
0.122973, 0.142750
0.124030, 0.140026
0.125087, 0.137403
0.126146, 0.134780
0.127213, 0.132258
0.128271, 0.130039
0.129329, 0.127416
0.130386, 0.124792
0.131442, 0.122270
0.132499, 0.119950
0.133556, 0.117529
0.134617, 0.115511
0.135673, 0.113090
0.136731, 0.110668
0.137795, 0.108146
0.138865, 0.105624
0.139922, 0.103203
0.140977, 0.100882
0.142032, 0.098764
0.143088, 0.096343
0.144167, 0.093921
0.145249, 0.091601
0.146330, 0.089281
0.147413, 0.087162
0.148473, 0.084842
0.149554, 0.082622
0.150613, 0.080201
0.151670, 0.077880
0.152741, 0.075762
0.153821, 0.073441
0.154902, 0.071323
0.155984, 0.069103
0.157058, 0.066985
0.158138, 0.064765
0.159219, 0.062546
0.160306, 0.060326
0.161388, 0.058107
0.162466, 0.055988
0.163547, 0.053567
0.164623, 0.051852
0.165703, 0.049733
0.166762, 0.047716
0.167844, 0.045698
0.168922, 0.043579
0.169996, 0.041461
0.171068, 0.039443
0.172141, 0.037324
0.173213, 0.035307
0.174286, 0.033289
0.175359, 0.031170
0.176432, 0.029152
0.177504, 0.027236
0.178577, 0.025218
0.179650, 0.023503
0.180723, 0.021586
0.181795, 0.019770
0.182868, 0.017853
0.183940, 0.015836
0.185021, 0.013919
0.186105, 0.011901
0.187187, 0.010085
0.188269, 0.008269
0.189352, 0.006554
0.190434, 0.004738
0.191517, 0.002821
0.192600, 0.001005
0.193682, -0.000710
0.194764, -0.002223
0.195847, -0.004140
0.196931, -0.005754
0.198013, -0.007570
0.199095, -0.008982
0.200156, -0.010698
0.201243, -0.012312
0.202306, -0.013926
0.203369, -0.015742
0.204429, -0.017558
0.205486, -0.019172
0.206544, -0.021190
0.207601, -0.022602
0.208657, -0.024216
0.209717, -0.025730
0.210776, -0.027445
0.211833, -0.028857
0.212893, -0.030370
0.213953, -0.031984
0.215010, -0.033397
0.216066, -0.034910
0.217123, -0.036524
0.218179, -0.038139
0.219236, -0.039652
0.220304, -0.040862
0.221361, -0.042376
0.222417, -0.043788
0.223474, -0.045201
0.224531, -0.046613
0.225597, -0.048025
0.226658, -0.049337
0.227751, -0.050749
0.228809, -0.052263
0.229866, -0.053675
0.230922, -0.055087
0.231979, -0.056399
0.233037, -0.057710
0.234095, -0.059123
0.235152, -0.060132
0.236210, -0.061443
0.237269, -0.062654
0.238332, -0.063965
0.239401, -0.065277
0.240461, -0.066588
0.241519, -0.067698
0.242576, -0.069111
0.243632, -0.070321
0.244689, -0.071633
0.245746, -0.072843
0.246803, -0.073953
0.247864, -0.075063
0.248922, -0.076173
0.249978, -0.077282
0.251035, -0.078392
0.252097, -0.079603
0.253182, -0.080712
0.254264, -0.082024
0.255347, -0.082932
0.256408, -0.084042
0.257467, -0.085252
0.258522, -0.086362
0.259577, -0.087371
0.260633, -0.088279
0.261688, -0.089288
0.262743, -0.090196
0.263799, -0.091205
0.264855, -0.092213
0.265910, -0.093021
0.266988, -0.093929
0.268070, -0.094837
0.269153, -0.095744
0.270235, -0.096652
0.271318, -0.097762
0.272400, -0.098670
0.273482, -0.099578
0.274566, -0.100486
0.275649, -0.101293
0.276732, -0.102302
0.277816, -0.103109
0.278898, -0.103916
0.279980, -0.104723
0.281064, -0.105530
0.282146, -0.106237
0.283228, -0.107044
0.284310, -0.107851
0.285393, -0.108557
0.286475, -0.109263
0.287557, -0.109969
0.288640, -0.110777
0.289723, -0.111483
0.290805, -0.112189
0.291887, -0.112895
0.292970, -0.113601
0.294052, -0.114308
0.295135, -0.114913
0.296217, -0.115619
0.297300, -0.116325
0.298382, -0.116931
0.299464, -0.117637
0.300523, -0.118343
0.301581, -0.118948
0.302638, -0.119453
0.303700, -0.120058
0.304762, -0.120663
0.305821, -0.121168
0.306878, -0.121672
0.307935, -0.122177
0.308992, -0.122681
0.310049, -0.123186
0.311106, -0.123791
0.312178, -0.124194
0.313234, -0.124598
0.314290, -0.125102
0.315345, -0.125506
0.316400, -0.125909
0.317455, -0.126414
0.318511, -0.126717
0.319566, -0.127120
0.320621, -0.127624
0.321676, -0.128028
0.322731, -0.128432
0.323787, -0.128734
0.324843, -0.129138
0.325902, -0.129541
0.326962, -0.129945
0.328020, -0.130348
0.329085, -0.130651
0.330142, -0.130853
0.331199, -0.131156
0.332255, -0.131559
0.333312, -0.131761
0.334368, -0.132063
0.335425, -0.132366
0.336487, -0.132568
0.337547, -0.132871
0.338606, -0.133072
0.339663, -0.133375
0.340720, -0.133577
0.341777, -0.133779
0.342839, -0.133980
0.343895, -0.134182
0.344951, -0.134384
0.346008, -0.134485
0.347070, -0.134586
0.348126, -0.134787
0.349183, -0.134888
0.350241, -0.134989
0.351298, -0.135090
0.352355, -0.135191
0.353413, -0.135191
0.354469, -0.135292
0.355526, -0.135393
0.356584, -0.135393
0.357641, -0.135393
0.358697, -0.135494
0.359754, -0.135494
0.360811, -0.135494
0.361867, -0.135494
0.362924, -0.135494
0.363985, -0.135393
0.365041, -0.135393
0.366098, -0.135393
0.367155, -0.135292
0.368216, -0.135292
0.369272, -0.135191
0.370329, -0.135191
0.371386, -0.135090
0.372443, -0.134989
0.373500, -0.134989
0.374556, -0.134888
0.375613, -0.134787
0.376674, -0.134787
0.377732, -0.134687
0.378789, -0.134586
0.379845, -0.134485
0.380905, -0.134384
0.381961, -0.134384
0.383017, -0.134283
0.384074, -0.134182
0.385131, -0.134081
0.386188, -0.133980
0.387244, -0.133879
0.388302, -0.133779
0.389363, -0.133678
0.390419, -0.133577
0.391475, -0.133476
0.392532, -0.133476
0.393590, -0.133375
0.394646, -0.133274
0.395708, -0.133173
0.396765, -0.133072
0.397821, -0.132971
0.398882, -0.132871
0.399938, -0.132770
0.400996, -0.132770
0.402054, -0.132669
0.403110, -0.132568
0.404166, -0.132467
0.405223, -0.132467
0.406280, -0.132366
0.407340, -0.132265
0.408397, -0.132265
0.409454, -0.132164
0.410511, -0.132063
0.411571, -0.132063
0.412627, -0.131963
0.413685, -0.131963
0.414741, -0.131862
0.415797, -0.131862
0.416854, -0.131761
0.417910, -0.131761
0.418966, -0.131660
0.420028, -0.131660
0.421085, -0.131660
0.422141, -0.131559
0.423197, -0.131559
0.424254, -0.131559
0.425285, -0.131458
0.426345, -0.131458
0.427405, -0.131458
0.428461, -0.131458
0.429517, -0.131357
0.430573, -0.131357
0.431628, -0.131357
0.432683, -0.131357
0.433739, -0.131357
0.434795, -0.131357
0.435851, -0.131357
0.436905, -0.131357
0.437964, -0.131357
0.439024, -0.131357
0.440081, -0.131357
0.441141, -0.131357
0.442202, -0.131357
0.443259, -0.131357
0.444316, -0.131357
0.445419, -0.131357
0.446476, -0.131357
0.447533, -0.131357
0.448590, -0.131357
0.449647, -0.131357
0.450704, -0.131357
0.451761, -0.131357
0.452818, -0.131357
0.453875, -0.131357
0.454931, -0.131357
0.455987, -0.131458
0.457048, -0.131458
0.458117, -0.131458
0.459174, -0.131458
0.460230, -0.131458
0.461286, -0.131458
0.462343, -0.131458
0.463400, -0.131458
0.464457, -0.131458
0.465514, -0.131458
0.466570, -0.131458
0.467626, -0.131458
0.468690, -0.131458
0.469746, -0.131458
0.470802, -0.131357
0.471859, -0.131357
0.472920, -0.131357
0.473976, -0.131357
0.475032, -0.131357
0.476089, -0.131357
0.477146, -0.131357
0.478202, -0.131357
0.479260, -0.131357
0.480316, -0.131357
0.481373, -0.131357
0.482434, -0.131357
0.483491, -0.131357
0.484547, -0.131357
0.485609, -0.131458
0.486665, -0.131458
0.487721, -0.131458
0.488778, -0.131458
0.489836, -0.131458
0.490892, -0.131458
0.491948, -0.131458
0.493005, -0.131458
0.494066, -0.131458
0.495123, -0.131458
0.496179, -0.131458
0.497236, -0.131458
0.498296, -0.131458
0.499357, -0.131458
0.500414, -0.131458
0.501470, -0.131458
0.502527, -0.131458
0.503586, -0.131458
0.504642, -0.131458
0.505699, -0.131458
0.506756, -0.131458
0.507812, -0.131458
0.508869, -0.131458
0.509925, -0.131458
0.510984, -0.131458
0.512045, -0.131458
0.513101, -0.131458
0.514157, -0.131458
0.515215, -0.131458
0.516271, -0.131458
0.517328, -0.131458
0.518389, -0.131458
0.519444, -0.131458
0.520501, -0.131458
0.521563, -0.131458
0.522619, -0.131458
0.523676, -0.131458
0.524733, -0.131458
0.525794, -0.131458
0.526856, -0.131458
0.527911, -0.131458
0.528966, -0.131458
0.530022, -0.131458
0.531079, -0.131458
0.532134, -0.131458
0.533189, -0.131458
0.534245, -0.131458
0.535300, -0.131458
0.536355, -0.131458
0.537415, -0.131458
0.538495, -0.131458
0.539573, -0.131458
0.540629, -0.131458
0.541684, -0.131458
0.542739, -0.131458
0.543794, -0.131458
0.544850, -0.131458
0.545905, -0.131458
0.546960, -0.131458
0.548016, -0.131458
0.549071, -0.131458
0.550127, -0.131458
0.551208, -0.131458
0.552291, -0.131458
0.553382, -0.131458
0.554465, -0.131458
0.555547, -0.131458
0.556630, -0.131458
0.557688, -0.131458
0.558767, -0.131458
0.559849, -0.131458
0.560909, -0.131458
0.561967, -0.131458
0.563025, -0.131458
0.564082, -0.131458
0.565142, -0.131458
0.566204, -0.131458
0.567260, -0.131458
0.568317, -0.131458
0.569373, -0.131458
0.570433, -0.131458
0.571495, -0.131458
0.572553, -0.131458
0.573611, -0.131458
0.574668, -0.131458
0.575726, -0.131458
0.576784, -0.131458
0.577842, -0.131458
0.578915, -0.131458
0.579987, -0.131458
0.581044, -0.131458
0.582101, -0.131458
0.583157, -0.131458
0.584214, -0.131458
0.585271, -0.131458
0.586326, -0.131458
0.587382, -0.131458
0.588437, -0.131458
0.589492, -0.131458
0.590547, -0.131458
0.591601, -0.131458
0.592659, -0.131458
0.593714, -0.131458
0.594769, -0.131458
0.595824, -0.131458
0.596879, -0.131458
0.597934, -0.131458
0.598989, -0.131458
0.600044, -0.131458
0.601099, -0.131458
0.602154, -0.131458
0.603210, -0.131458
0.604266, -0.131458
0.605321, -0.131458
0.606376, -0.131458
0.607431, -0.131458
0.608487, -0.131458
0.609542, -0.131458
0.610598, -0.131458
0.611653, -0.131458
0.612708, -0.131458
0.613763, -0.131458
0.614819, -0.131458
0.615874, -0.131458
0.616929, -0.131458
0.617984, -0.131458
0.619039, -0.131458
0.620094, -0.131458
0.621149, -0.131458
0.622204, -0.131458
0.623260, -0.131458
0.624316, -0.131458
0.625371, -0.131458
0.626430, -0.131458
0.627490, -0.131458
0.628546, -0.131458
0.629602, -0.131458
0.630657, -0.131458
0.631712, -0.131458
0.632766, -0.131458
0.633821, -0.131458
0.634877, -0.131458
0.635931, -0.131458
0.636990, -0.131458
0.638054, -0.131458
0.639118, -0.131458
0.640175, -0.131458
0.641232, -0.131458
0.642289, -0.131458
0.643345, -0.131458
0.644402, -0.131458
0.645460, -0.131458
0.646517, -0.131458
0.647579, -0.131458
0.648635, -0.131458
0.649692, -0.131458
0.650753, -0.131458
0.651811, -0.131458
0.652868, -0.131458
0.653930, -0.131458
0.654987, -0.131458
0.656043, -0.131458
0.657105, -0.131458
0.658166, -0.131458
0.659222, -0.131458
0.660279, -0.131458
0.661335, -0.131458
0.662431, -0.131458
0.663488, -0.131458
0.664545, -0.131458
0.665606, -0.131458
0.666662, -0.131458
0.667719, -0.131458
0.668775, -0.131458
0.669835, -0.131458
0.670892, -0.131458
0.671948, -0.131458
0.673005, -0.131458
0.674065, -0.131458
0.675122, -0.131458
0.676178, -0.131458
0.677235, -0.131458
0.678293, -0.131458
0.679350, -0.131458
0.680406, -0.131458
0.681463, -0.131458
0.682524, -0.131458
0.683580, -0.131458
0.684637, -0.131458
0.685694, -0.131458
0.686752, -0.131458
0.687808, -0.131458
0.688865, -0.131458
0.689922, -0.131458
0.690979, -0.131458
0.692035, -0.131458
0.693091, -0.131458
0.694148, -0.131458
0.695209, -0.131458
0.696265, -0.131458
0.697322, -0.131458
0.698379, -0.131458
0.699440, -0.131458
0.700497, -0.131458
0.701559, -0.131458
0.702616, -0.131458
0.703672, -0.131458
0.704729, -0.131458
0.705785, -0.131458
0.706842, -0.131458
0.707898, -0.131458
0.708955, -0.131458
0.710012, -0.131458
0.711069, -0.131458
0.712126, -0.131458
0.713188, -0.131458
0.714244, -0.131458
0.715301, -0.131458
0.716357, -0.131458
0.717419, -0.131458
0.718475, -0.131458
0.719531, -0.131458
0.720593, -0.131458
0.721650, -0.131458
0.722706, -0.131458
0.723762, -0.131458
0.724824, -0.131458
0.725882, -0.131458
0.726940, -0.131458
0.727997, -0.131458
0.729054, -0.131458
0.730111, -0.131458
0.731168, -0.131458
0.732231, -0.131458
0.733289, -0.131458
0.734344, -0.131458
0.735400, -0.131458
0.736455, -0.131458
0.737517, -0.131458
0.738576, -0.131458
0.739633, -0.131458
0.740690, -0.131458
0.741753, -0.131458
0.742820, -0.131458
0.743876, -0.131458
0.744933, -0.131458
0.745995, -0.131458
0.747063, -0.131458
0.748119, -0.131458
0.749176, -0.131458
0.750234, -0.131458
0.751292, -0.131458
0.752349, -0.131458
0.753405, -0.131458
0.754462, -0.131458
0.755522, -0.131458
0.756579, -0.131458
0.757636, -0.131458
0.758692, -0.131458
0.759750, -0.131458
0.760807, -0.131458
0.761864, -0.131458
0.762922, -0.131458
0.763978, -0.131458
0.765034, -0.131458
0.766091, -0.131458
0.767150, -0.131458
0.768209, -0.131458
0.769265, -0.131458
0.770320, -0.131458
0.771375, -0.131458
0.772430, -0.131458
0.773485, -0.131458
0.774540, -0.131458
0.775595, -0.131458
0.776651, -0.131458
0.777706, -0.131458
0.778762, -0.131458
0.779817, -0.131458
0.780872, -0.131458
0.781927, -0.131458
0.782982, -0.131458
0.784061, -0.131458
0.785144, -0.131458
0.786226, -0.131458
0.787308, -0.131458
0.788390, -0.131458
0.789472, -0.131458
0.790555, -0.131458
0.791637, -0.131458
0.792719, -0.131458
0.793800, -0.131458
0.794882, -0.131458
0.795965, -0.131458
0.797049, -0.131458
0.798130, -0.131458
0.799212, -0.131458
0.800272, -0.131458
0.801356, -0.131458
0.802438, -0.131458
0.803512, -0.131458
0.804594, -0.131458
0.805676, -0.131458
0.806759, -0.131458
0.807841, -0.131458
0.808920, -0.131458
0.809996, -0.131458
0.811069, -0.131458
0.812142, -0.131458
0.813219, -0.131458
0.814295, -0.131458
0.815376, -0.131458
0.816458, -0.131458
0.817540, -0.131458
0.818603, -0.131458
0.819684, -0.131458
0.820757, -0.131458
0.821836, -0.131458
0.822918, -0.131458
0.823999, -0.131458
0.825081, -0.131458
0.826143, -0.131458
0.827202, -0.131458
0.828260, -0.131458
0.829318, -0.131458
0.830374, -0.131458
0.831430, -0.131458
0.832486, -0.131458
0.833543, -0.131458
0.834600, -0.131458
0.835656, -0.131458
0.836714, -0.131458
0.837776, -0.131458
0.838836, -0.131458
0.839898, -0.131458
0.840955, -0.131458
0.842011, -0.131458
0.843067, -0.131458
0.844124, -0.131458
0.845185, -0.131458
0.846246, -0.131458
0.847302, -0.131458
0.848358, -0.131458
0.849415, -0.131458
0.850477, -0.131458
0.851534, -0.131458
0.852591, -0.131458
0.853653, -0.131458
0.854709, -0.131458
0.855765, -0.131458
0.856822, -0.131458
0.857885, -0.131458
0.858942, -0.131458
0.859999, -0.131458
0.861056, -0.131458
0.862113, -0.131458
0.863168, -0.131458
0.864224, -0.131458
0.865281, -0.131458
0.866338, -0.131458
0.867394, -0.131458
0.868450, -0.131458
0.869506, -0.131458
0.870563, -0.131458
0.871624, -0.131458
0.872680, -0.131458
0.873736, -0.131458
0.874792, -0.131458
0.875853, -0.131458
0.876909, -0.131458
0.877966, -0.131458
0.879022, -0.131458
0.880111, -0.131458
0.881171, -0.131458
0.882253, -0.131458
0.883335, -0.131458
0.884418, -0.131458
0.885500, -0.131458
0.886583, -0.131458
0.887665, -0.131458
0.888748, -0.131458
0.889831, -0.131458
0.890913, -0.131458
0.891995, -0.131458
0.893077, -0.131458
0.894161, -0.131458
0.895243, -0.131458
0.896326, -0.131458
0.897408, -0.131458
0.898490, -0.131458
0.899572, -0.131458
0.900632, -0.131458
0.901693, -0.131458
0.902750, -0.131458
0.903807, -0.131458
0.904868, -0.131458
0.905927, -0.131458
0.906983, -0.131458
0.908039, -0.131458
0.909096, -0.131458
0.910154, -0.131458
0.911210, -0.131458
0.912266, -0.131458
0.913322, -0.131458
0.914379, -0.131458
0.915436, -0.131458
0.916494, -0.131458
0.917552, -0.131458
0.918608, -0.131458
0.919664, -0.131458
0.920726, -0.131458
0.921789, -0.131458
0.922850, -0.131458
0.923909, -0.131458
0.924966, -0.131458
0.926027, -0.131458
0.927090, -0.131458
0.928147, -0.131458
0.929219, -0.131458
0.930290, -0.131458
0.000000, 0.477995
0.001077, 0.477995
0.002137, 0.477490
0.003193, 0.476683
0.004249, 0.475876
0.005305, 0.474867
0.006363, 0.473455
0.007420, 0.472042
0.008477, 0.470832
0.009532, 0.469117
0.010588, 0.466998
0.011643, 0.464375
0.012698, 0.461550
0.013755, 0.458826
0.014813, 0.455598
0.015921, 0.452370
0.016982, 0.449444
0.018038, 0.446216
0.019094, 0.442886
0.020150, 0.440162
0.021207, 0.436732
0.022264, 0.432999
0.023321, 0.429267
0.024378, 0.426038
0.025437, 0.422608
0.026500, 0.419178
0.027567, 0.415748
0.028625, 0.412419
0.029681, 0.409392
0.030738, 0.406668
0.031795, 0.403339
0.032854, 0.399909
0.033915, 0.396479
0.034977, 0.393351
0.036046, 0.390426
0.037103, 0.386995
0.038157, 0.383565
0.039216, 0.380236
0.040271, 0.377008
0.041327, 0.373981
0.042384, 0.370955
0.043440, 0.367625
0.044496, 0.364195
0.045551, 0.361068
0.046608, 0.358041
0.047666, 0.355317
0.048728, 0.352089
0.049784, 0.348961
0.050839, 0.345834
0.051895, 0.342807
0.052956, 0.339680
0.054013, 0.336452
0.055069, 0.333425
0.056126, 0.330398
0.057181, 0.327372
0.058238, 0.324446
0.059294, 0.321218
0.060350, 0.318494
0.061405, 0.315366
0.062461, 0.312340
0.063516, 0.309414
0.064572, 0.306287
0.065632, 0.303563
0.066688, 0.300435
0.067749, 0.297610
0.068805, 0.294685
0.069860, 0.291759
0.070916, 0.289035
0.071972, 0.285908
0.073027, 0.282881
0.074082, 0.279955
0.075138, 0.277130
0.076196, 0.274507
0.077252, 0.271481
0.078308, 0.268555
0.079364, 0.265730
0.080422, 0.263006
0.081482, 0.260283
0.082539, 0.257357
0.083595, 0.254835
0.084651, 0.251808
0.085706, 0.248983
0.086762, 0.246158
0.087818, 0.243435
0.088878, 0.240912
0.089936, 0.238088
0.090992, 0.235263
0.092047, 0.232438
0.093107, 0.229714
0.094164, 0.226889
0.095225, 0.224165
0.096281, 0.221643
0.097337, 0.218818
0.098392, 0.216296
0.099448, 0.213673
0.100505, 0.211151
0.101566, 0.208931
0.102623, 0.206208
0.103679, 0.203484
0.104736, 0.200558
0.105792, 0.197935
0.106848, 0.195715
0.107904, 0.192991
0.108960, 0.190368
0.110015, 0.187745
0.111071, 0.185223
0.112134, 0.182701
0.113190, 0.180583
0.114246, 0.178060
0.115302, 0.175437
0.116363, 0.172814
0.117419, 0.170292
0.118476, 0.167871
0.119531, 0.165752
0.120588, 0.163331
0.121643, 0.160809
0.122700, 0.158388
0.123756, 0.155865
0.124811, 0.153747
0.125874, 0.151426
0.126932, 0.149106
0.127987, 0.146685
0.129050, 0.144163
0.130112, 0.141842
0.131169, 0.139320
0.132226, 0.137201
0.133282, 0.134881
0.134342, 0.132561
0.135401, 0.130240
0.136459, 0.127920
0.137516, 0.125600
0.138573, 0.123582
0.139630, 0.121261
0.140689, 0.119143
0.141746, 0.116923
0.142803, 0.114805
0.143860, 0.112888
0.144917, 0.110668
0.145974, 0.108348
0.147032, 0.106431
0.148092, 0.104212
0.149150, 0.102093
0.150207, 0.099975
0.151264, 0.097856
0.152321, 0.095636
0.153377, 0.093820
0.154434, 0.091702
0.155491, 0.089583
0.156549, 0.087767
0.157606, 0.085649
0.158663, 0.083732
0.159719, 0.081916
0.160776, 0.079797
0.161834, 0.077780
0.162891, 0.075661
0.163949, 0.073643
0.165005, 0.071726
0.166062, 0.070011
0.167118, 0.068195
0.168175, 0.066279
0.169232, 0.064463
0.170289, 0.062546
0.171346, 0.060528
0.172404, 0.058914
0.173460, 0.056997
0.174516, 0.055080
0.175572, 0.053264
0.176629, 0.051751
0.177686, 0.049935
0.178743, 0.048220
0.179800, 0.046505
0.180857, 0.044689
0.181914, 0.042873
0.182972, 0.041360
0.184029, 0.039544
0.185086, 0.037829
0.186142, 0.036114
0.187199, 0.034399
0.188256, 0.032885
0.189313, 0.031069
0.190370, 0.029455
0.191426, 0.027740
0.192483, 0.026126
0.193541, 0.024512
0.194598, 0.023099
0.195655, 0.021687
0.196712, 0.020174
0.197768, 0.018559
0.198825, 0.017046
0.199882, 0.015230
0.200940, 0.013919
0.201997, 0.012305
0.203054, 0.010690
0.204111, 0.009177
0.205168, 0.007765
0.206225, 0.006352
0.207282, 0.004839
0.208338, 0.003628
0.209395, 0.002216
0.210453, 0.000803
0.211512, -0.000609
0.212569, -0.002021
0.213626, -0.003232
0.214684, -0.004644
0.215742, -0.005956
0.216799, -0.007368
0.217856, -0.008478
0.218912, -0.009487
0.219968, -0.010899
0.221025, -0.012110
0.222081, -0.013321
0.223137, -0.014632
0.224193, -0.016044
0.225253, -0.017356
0.226312, -0.018668
0.227411, -0.020080
0.228468, -0.021492
0.229525, -0.022703
0.230582, -0.023813
0.231638, -0.024922
0.232695, -0.026133
0.233756, -0.027344
0.234819, -0.028353
0.235877, -0.029361
0.236934, -0.030572
0.237991, -0.031682
0.239047, -0.032892
0.240104, -0.034002
0.241161, -0.034910
0.242217, -0.036121
0.243275, -0.037231
0.244332, -0.038340
0.245389, -0.039349
0.246445, -0.040257
0.247503, -0.041266
0.248560, -0.042275
0.249616, -0.043284
0.250673, -0.044192
0.251729, -0.044999
0.252786, -0.045907
0.253843, -0.046916
0.254899, -0.047824
0.255955, -0.048832
0.257012, -0.049841
0.258068, -0.050548
0.259124, -0.051556
0.260182, -0.052464
0.261239, -0.053473
0.262296, -0.054280
0.263353, -0.055188
0.264410, -0.055894
0.265467, -0.056702
0.266524, -0.057509
0.267581, -0.058316
0.268639, -0.059123
0.269696, -0.059930
0.270753, -0.060535
0.271810, -0.061241
0.272867, -0.061948
0.273923, -0.062755
0.274980, -0.063461
0.276037, -0.064167
0.277094, -0.064873
0.278152, -0.065580
0.279209, -0.066286
0.280266, -0.066891
0.281323, -0.067597
0.282380, -0.068203
0.283437, -0.068909
0.284494, -0.069615
0.285551, -0.070220
0.286608, -0.070826
0.287665, -0.071330
0.288723, -0.071935
0.289780, -0.072541
0.290837, -0.073045
0.291894, -0.073550
0.292951, -0.074054
0.294008, -0.074558
0.295065, -0.075063
0.296122, -0.075567
0.297179, -0.076072
0.298236, -0.076475
0.299293, -0.076980
0.300351, -0.077282
0.301408, -0.077686
0.302465, -0.078089
0.303522, -0.078493
0.304579, -0.078897
0.305636, -0.079300
0.306693, -0.079704
0.307750, -0.080006
0.308807, -0.080410
0.309865, -0.080712
0.310922, -0.081116
0.311979, -0.081419
0.313036, -0.081822
0.314095, -0.082024
0.315152, -0.082327
0.316209, -0.082528
0.317266, -0.082831
0.318323, -0.083033
0.319380, -0.083335
0.320437, -0.083537
0.321494, -0.083739
0.322551, -0.083941
0.323608, -0.084042
0.324665, -0.084243
0.325730, -0.084445
0.326791, -0.084546
0.327850, -0.084748
0.328905, -0.084849
0.329961, -0.084950
0.331016, -0.085051
0.332072, -0.085151
0.333131, -0.085252
0.334192, -0.085252
0.335252, -0.085353
0.336310, -0.085353
0.337367, -0.085454
0.338423, -0.085454
0.339480, -0.085454
0.340538, -0.085454
0.341595, -0.085454
0.342651, -0.085353
0.343708, -0.085353
0.344764, -0.085252
0.345821, -0.085252
0.346877, -0.085151
0.347933, -0.085151
0.348988, -0.085051
0.350043, -0.084950
0.351098, -0.084950
0.352155, -0.084849
0.353211, -0.084748
0.354267, -0.084647
0.355324, -0.084546
0.356380, -0.084445
0.357437, -0.084344
0.358494, -0.084243
0.359550, -0.084143
0.360607, -0.084042
0.361664, -0.083941
0.362723, -0.083840
0.363779, -0.083739
0.364836, -0.083638
0.365892, -0.083436
0.366948, -0.083335
0.368005, -0.083235
0.369061, -0.083134
0.370117, -0.083033
0.371174, -0.082932
0.372230, -0.082831
0.373287, -0.082730
0.374343, -0.082629
0.375400, -0.082528
0.376457, -0.082428
0.377513, -0.082327
0.378570, -0.082125
0.379627, -0.082024
0.380684, -0.081923
0.381741, -0.081822
0.382797, -0.081721
0.383854, -0.081620
0.384910, -0.081520
0.385968, -0.081419
0.387025, -0.081318
0.388082, -0.081217
0.389138, -0.081015
0.390194, -0.080914
0.391251, -0.080813
0.392307, -0.080712
0.393363, -0.080612
0.394421, -0.080511
0.395480, -0.080410
0.396539, -0.080309
0.397596, -0.080309
0.398653, -0.080208
0.399710, -0.080107
0.400767, -0.080006
0.401824, -0.079905
0.402882, -0.079905
0.403939, -0.079804
0.405001, -0.079704
0.406061, -0.079704
0.407118, -0.079603
0.408174, -0.079603
0.409230, -0.079502
0.410287, -0.079502
0.411345, -0.079401
0.412403, -0.079401
0.413459, -0.079300
0.414516, -0.079300
0.415574, -0.079199
0.416633, -0.079199
0.417690, -0.079199
0.418746, -0.079098
0.419802, -0.079098
0.420859, -0.079098
0.421915, -0.079098
0.422971, -0.078997
0.424028, -0.078997
0.425084, -0.078997
0.426143, -0.078997
0.427203, -0.078997
0.428259, -0.078997
0.429315, -0.078897
0.430370, -0.078897
0.431426, -0.078897
0.432482, -0.078897
0.433543, -0.078897
0.434604, -0.078897
0.435662, -0.078897
0.436721, -0.078897
0.437777, -0.078897
0.438832, -0.078897
0.439889, -0.078897
0.440944, -0.078897
0.442000, -0.078997
0.443056, -0.078997
0.444148, -0.078997
0.445206, -0.078997
0.446261, -0.078997
0.447319, -0.078997
0.448378, -0.078997
0.449434, -0.078997
0.450490, -0.078997
0.451552, -0.078997
0.452608, -0.078997
0.453664, -0.078997
0.454719, -0.078997
0.455775, -0.078997
0.456831, -0.078997
0.457887, -0.078997
0.458948, -0.078997
0.460004, -0.078997
0.461060, -0.078997
0.462115, -0.078997
0.463171, -0.078997
0.464230, -0.078997
0.465286, -0.078997
0.466342, -0.078997
0.467398, -0.078997
0.468457, -0.078997
0.469513, -0.078997
0.470569, -0.078997
0.471625, -0.078997
0.472681, -0.078997
0.473736, -0.078997
0.474793, -0.078997
0.475849, -0.078997
0.476905, -0.078997
0.477961, -0.078997
0.479016, -0.078997
0.480072, -0.078997
0.481128, -0.078997
0.482189, -0.078997
0.483245, -0.078997
0.484301, -0.078997
0.485357, -0.078997
0.486414, -0.078997
0.487470, -0.078997
0.488530, -0.078997
0.489586, -0.078997
0.490641, -0.078997
0.491697, -0.078997
0.492755, -0.078997
0.493811, -0.078997
0.494867, -0.078997
0.495923, -0.078997
0.496980, -0.078997
0.498040, -0.078997
0.499096, -0.078997
0.500152, -0.078997
0.501208, -0.078997
0.502263, -0.078997
0.503318, -0.078997
0.504374, -0.078997
0.505435, -0.078997
0.506492, -0.078997
0.507549, -0.078997
0.508605, -0.078997
0.509663, -0.078997
0.510719, -0.078997
0.511782, -0.078997
0.512839, -0.078997
0.513895, -0.078997
0.514951, -0.078997
0.516006, -0.078997
0.517061, -0.078997
0.518118, -0.078997
0.519173, -0.078997
0.520228, -0.078997
0.521287, -0.078997
0.522344, -0.078997
0.523401, -0.078997
0.524457, -0.078997
0.525516, -0.078997
0.526577, -0.078997
0.527636, -0.078997
0.528692, -0.078997
0.529750, -0.078997
0.530807, -0.078997
0.531863, -0.078997
0.532921, -0.078997
0.533980, -0.078997
0.535038, -0.078997
0.536093, -0.078997
0.537149, -0.078997
0.538204, -0.078997
0.539259, -0.078997
0.540314, -0.078997
0.541371, -0.078997
0.542426, -0.078997
0.543482, -0.078997
0.544537, -0.078997
0.545592, -0.078997
0.546649, -0.078997
0.547706, -0.078997
0.548762, -0.078997
0.549818, -0.078997
0.550873, -0.078997
0.551929, -0.078997
0.552985, -0.078997
0.554040, -0.078997
0.555096, -0.078997
0.556153, -0.078997
0.557211, -0.078997
0.558266, -0.078997
0.559322, -0.078997
0.560378, -0.078997
0.561435, -0.078997
0.562492, -0.078997
0.563548, -0.078997
0.564603, -0.078997
0.565658, -0.078997
0.566714, -0.078997
0.567770, -0.078997
0.568832, -0.078997
0.569893, -0.078997
0.570956, -0.078997
0.572014, -0.078997
0.573071, -0.078997
0.574126, -0.078997
0.575185, -0.078997
0.576241, -0.078997
0.577297, -0.078997
0.578355, -0.078997
0.579410, -0.078997
0.580465, -0.078997
0.581520, -0.078997
0.582577, -0.078997
0.583687, -0.078997
0.584748, -0.078997
0.585807, -0.078997
0.586864, -0.078997
0.587922, -0.078997
0.588979, -0.078997
0.590050, -0.078997
0.591108, -0.078997
0.592165, -0.078997
0.593222, -0.078997
0.594279, -0.078997
0.595337, -0.078997
0.596403, -0.078997
0.597462, -0.078997
0.598521, -0.078997
0.599576, -0.078997
0.600632, -0.078997
0.601688, -0.078997
0.602744, -0.078997
0.603801, -0.078997
0.604857, -0.078997
0.605913, -0.078997
0.606968, -0.078997
0.608024, -0.078997
0.609081, -0.078997
0.610141, -0.078997
0.611197, -0.078997
0.612253, -0.078997
0.613309, -0.078997
0.614364, -0.078997
0.615425, -0.078997
0.616482, -0.078997
0.617539, -0.078997
0.618595, -0.078997
0.619651, -0.078997
0.620707, -0.078997
0.621763, -0.078997
0.622819, -0.078997
0.623875, -0.078997
0.624933, -0.078997
0.625991, -0.078997
0.627051, -0.078997
0.628107, -0.078997
0.629164, -0.078997
0.630220, -0.078997
0.631275, -0.078997
0.632331, -0.078997
0.633392, -0.078997
0.634450, -0.078997
0.635507, -0.078997
0.636563, -0.078997
0.637621, -0.078997
0.638675, -0.078997
0.639730, -0.078997
0.640787, -0.078997
0.641842, -0.078997
0.642896, -0.078997
0.643954, -0.078997
0.645009, -0.078997
0.646064, -0.078997
0.647120, -0.078997
0.648176, -0.078997
0.649231, -0.078997
0.650286, -0.078997
0.651342, -0.078997
0.652401, -0.078997
0.653456, -0.078997
0.654511, -0.078997
0.655566, -0.078997
0.656622, -0.078997
0.657679, -0.078997
0.658734, -0.078997
0.659789, -0.078997
0.660875, -0.078997
0.661932, -0.078997
0.662988, -0.078997
0.664045, -0.078997
0.665102, -0.078997
0.666157, -0.078997
0.667212, -0.078997
0.668267, -0.078997
0.669324, -0.078997
0.670385, -0.078997
0.671441, -0.078997
0.672496, -0.078997
0.673556, -0.078997
0.674612, -0.078997
0.675667, -0.078997
0.676722, -0.078997
0.677778, -0.078997
0.678835, -0.078997
0.679891, -0.078997
0.680947, -0.078997
0.682002, -0.078997
0.683057, -0.078997
0.684113, -0.078997
0.685169, -0.078997
0.686226, -0.078997
0.687282, -0.078997
0.688338, -0.078997
0.689393, -0.078997
0.690449, -0.078997
0.691506, -0.078997
0.692561, -0.078997
0.693621, -0.078997
0.694677, -0.078997
0.695734, -0.078997
0.696790, -0.078997
0.697847, -0.078997
0.698902, -0.078997
0.699958, -0.078997
0.701015, -0.078997
0.702072, -0.078997
0.703131, -0.078997
0.704188, -0.078997
0.705243, -0.078997
0.706298, -0.078997
0.707359, -0.078997
0.708415, -0.078997
0.709472, -0.078997
0.710528, -0.078997
0.711584, -0.078997
0.712641, -0.078997
0.713700, -0.078997
0.714757, -0.078997
0.715814, -0.078997
0.716869, -0.078997
0.717923, -0.078997
0.718979, -0.078997
0.720036, -0.078997
0.721092, -0.078997
0.722148, -0.078997
0.723204, -0.078997
0.724258, -0.078997
0.725316, -0.078997
0.726378, -0.078997
0.727438, -0.078997
0.728496, -0.078997
0.729553, -0.078997
0.730609, -0.078997
0.731666, -0.078997
0.732723, -0.078997
0.733783, -0.078997
0.734842, -0.078997
0.735901, -0.078997
0.736959, -0.078997
0.738016, -0.078997
0.739072, -0.078997
0.740129, -0.078997
0.741186, -0.078997
0.742243, -0.078997
0.743300, -0.078997
0.744357, -0.078997
0.745413, -0.078997
0.746471, -0.078997
0.747531, -0.078997
0.748588, -0.078997
0.749645, -0.078997
0.750702, -0.078997
0.751759, -0.078997
0.752816, -0.078997
0.753873, -0.078997
0.754930, -0.078997
0.755987, -0.078997
0.757043, -0.078997
0.758101, -0.078997
0.759157, -0.078997
0.760214, -0.078997
0.761272, -0.078997
0.762329, -0.078997
0.763386, -0.078997
0.764443, -0.078997
0.765501, -0.078997
0.766567, -0.078997
0.767623, -0.078997
0.768680, -0.078997
0.769736, -0.078997
0.770792, -0.078997
0.771848, -0.078997
0.772905, -0.078997
0.773961, -0.078997
0.775017, -0.078997
0.776073, -0.078997
0.777129, -0.078997
0.778195, -0.078997
0.779251, -0.078997
0.780309, -0.078997
0.781366, -0.078997
0.782423, -0.078997
0.783480, -0.078997
0.784537, -0.078997
0.785594, -0.078997
0.786651, -0.078997
0.787707, -0.078997
0.788764, -0.078997
0.789822, -0.078997
0.790879, -0.078997
0.791936, -0.078997
0.792998, -0.078997
0.794055, -0.078997
0.795112, -0.078997
0.796169, -0.078997
0.797226, -0.078997
0.798283, -0.078997
0.799339, -0.078997
0.800398, -0.078997
0.801455, -0.078997
0.802512, -0.078997
0.803569, -0.078997
0.804626, -0.078997
0.805683, -0.078997
0.806740, -0.078997
0.807797, -0.078997
0.808854, -0.078997
0.809911, -0.078997
0.810970, -0.078997
0.812036, -0.078997
0.813093, -0.078997
0.814150, -0.078997
0.815207, -0.078997
0.816264, -0.078997
0.817321, -0.078997
0.818377, -0.078997
0.819434, -0.078997
0.820491, -0.078997
0.821548, -0.078997
0.822605, -0.078997
0.823661, -0.078997
0.824718, -0.078997
0.825778, -0.078997
0.826838, -0.078997
0.827895, -0.078997
0.828952, -0.078997
0.830009, -0.078997
0.831066, -0.078997
0.832123, -0.078997
0.833183, -0.078997
0.834243, -0.078997
0.835303, -0.078997
0.836361, -0.078997
0.837419, -0.078997
0.838476, -0.078997
0.839532, -0.078997
0.840588, -0.078997
0.841645, -0.078997
0.842701, -0.078997
0.843757, -0.078997
0.844816, -0.078997
0.845873, -0.078997
0.846930, -0.078997
0.847987, -0.078997
0.849042, -0.078997
0.850098, -0.078997
0.851153, -0.078997
0.852208, -0.078997
0.853264, -0.078997
0.854319, -0.078997
0.855377, -0.078997
0.856434, -0.078997
0.857490, -0.078997
0.858547, -0.078997
0.859604, -0.078997
0.860661, -0.078997
0.861734, -0.078997
0.862806, -0.078997
0.863863, -0.078997
0.864920, -0.078997
0.865978, -0.078997
0.867034, -0.078997
0.868092, -0.078997
0.869165, -0.078997
0.870222, -0.078997
0.871279, -0.078997
0.872334, -0.078997
0.873399, -0.078997
0.874457, -0.078997
0.875515, -0.078997
0.876573, -0.078997
0.877699, -0.078997
0.878755, -0.078997
0.879811, -0.078997
0.880866, -0.078997
0.881921, -0.078997
0.882977, -0.078997
0.884032, -0.078997
0.885088, -0.078997
0.886143, -0.078997
0.887199, -0.078997
0.888255, -0.078997
0.889310, -0.078997
0.890366, -0.078997
0.891421, -0.078997
0.892477, -0.078997
0.893533, -0.078997
0.894588, -0.078997
0.895643, -0.078997
0.896699, -0.078997
0.897755, -0.078997
0.898810, -0.078997
0.899866, -0.078997
0.900922, -0.078997
0.901979, -0.078997
0.903035, -0.078997
0.904090, -0.078997
0.905146, -0.078997
0.906201, -0.078997
0.907256, -0.078997
0.908312, -0.078997
0.909369, -0.078997
0.910426, -0.078997
0.911482, -0.078997
0.912538, -0.078997
0.913594, -0.078997
0.914650, -0.078997
0.915709, -0.078997
0.916768, -0.078997
0.917825, -0.078997
0.918881, -0.078997
0.919936, -0.078997
0.920992, -0.078997
0.922047, -0.078997
0.923102, -0.078997
0.924157, -0.078997
0.925214, -0.078997
0.926274, -0.078997
0.927335, -0.078997
0.928391, -0.078997
0.000000, 0.477995
0.001071, 0.477894
0.002128, 0.477389
0.003183, 0.476683
0.004238, 0.475876
0.005300, 0.474867
0.006362, 0.473455
0.007420, 0.472042
0.008478, 0.470832
0.009535, 0.469016
0.010612, 0.466897
0.011673, 0.464375
0.012731, 0.461449
0.013804, 0.458625
0.014861, 0.455194
0.015919, 0.452168
0.016978, 0.449141
0.018035, 0.446316
0.019092, 0.443088
0.020150, 0.439860
0.021207, 0.436430
0.022264, 0.432697
0.023321, 0.428964
0.024379, 0.426139
0.025439, 0.422709
0.026498, 0.419077
0.027558, 0.415647
0.028614, 0.412318
0.029670, 0.409190
0.030726, 0.406466
0.031787, 0.403137
0.032845, 0.399606
0.033915, 0.396075
0.034978, 0.392948
0.036036, 0.390123
0.037093, 0.386592
0.038152, 0.383162
0.039209, 0.379833
0.040267, 0.377008
0.041324, 0.373880
0.042381, 0.370450
0.043438, 0.367121
0.044496, 0.363691
0.045553, 0.360462
0.046610, 0.357940
0.047668, 0.354712
0.048727, 0.351584
0.049784, 0.348356
0.050841, 0.345329
0.051898, 0.342202
0.052956, 0.339276
0.054016, 0.336048
0.055081, 0.332719
0.056138, 0.329591
0.057196, 0.326968
0.058253, 0.324043
0.059310, 0.320814
0.060368, 0.317586
0.061425, 0.314559
0.062482, 0.311734
0.063539, 0.308809
0.064601, 0.305681
0.065658, 0.302554
0.066715, 0.299426
0.067772, 0.296904
0.068829, 0.294079
0.069886, 0.291154
0.070952, 0.288329
0.072009, 0.285201
0.073066, 0.282074
0.074124, 0.279350
0.075181, 0.276525
0.076238, 0.273398
0.077295, 0.270472
0.078352, 0.267445
0.079409, 0.264822
0.080466, 0.262300
0.081524, 0.259576
0.082581, 0.256651
0.083638, 0.253826
0.084695, 0.250900
0.085752, 0.248075
0.086809, 0.245250
0.087866, 0.242527
0.088924, 0.239702
0.089990, 0.237079
0.091048, 0.234254
0.092104, 0.231429
0.093162, 0.228806
0.094219, 0.225981
0.095276, 0.223156
0.096333, 0.220634
0.097399, 0.217910
0.098456, 0.215086
0.099519, 0.212664
0.100577, 0.210041
0.101635, 0.207822
0.102693, 0.204997
0.103750, 0.202273
0.104807, 0.199549
0.105864, 0.196825
0.106921, 0.194202
0.107978, 0.191983
0.109036, 0.189158
0.110096, 0.186535
0.111159, 0.184114
0.112218, 0.181591
0.113276, 0.179372
0.114333, 0.176749
0.115390, 0.174126
0.116448, 0.171503
0.117504, 0.168981
0.118562, 0.166862
0.119619, 0.164441
0.120676, 0.162019
0.121734, 0.159497
0.122791, 0.156975
0.123847, 0.154453
0.124907, 0.152234
0.125966, 0.149913
0.127026, 0.147593
0.128083, 0.145171
0.129140, 0.143053
0.130197, 0.140531
0.131254, 0.138109
0.132312, 0.135688
0.133370, 0.133469
0.134434, 0.131249
0.135490, 0.128828
0.136545, 0.126508
0.137606, 0.124086
0.138662, 0.121766
0.139719, 0.119748
0.140776, 0.117730
0.141833, 0.115612
0.142889, 0.113392
0.143945, 0.111476
0.145002, 0.109256
0.146059, 0.106936
0.147115, 0.104716
0.148171, 0.102497
0.149227, 0.100378
0.150283, 0.098562
0.151340, 0.096343
0.152397, 0.094224
0.153454, 0.092105
0.154509, 0.089987
0.155565, 0.087969
0.156622, 0.086052
0.157678, 0.084135
0.158734, 0.082118
0.159795, 0.080302
0.160851, 0.078183
0.161908, 0.076065
0.162964, 0.074047
0.164024, 0.072029
0.165084, 0.070112
0.166140, 0.068195
0.167197, 0.066581
0.168254, 0.064664
0.169310, 0.062647
0.170365, 0.060730
0.171421, 0.058813
0.172478, 0.057098
0.173535, 0.055282
0.174593, 0.053365
0.175648, 0.051650
0.176703, 0.049733
0.177759, 0.048220
0.178816, 0.046505
0.179872, 0.044689
0.180927, 0.042873
0.181983, 0.041057
0.183043, 0.039443
0.184099, 0.037728
0.185157, 0.036013
0.186213, 0.034298
0.187271, 0.032482
0.188327, 0.030666
0.189384, 0.029152
0.190441, 0.027437
0.191498, 0.025823
0.192554, 0.024209
0.193609, 0.022797
0.194665, 0.021082
0.195722, 0.019770
0.196778, 0.018257
0.197833, 0.016643
0.198887, 0.014827
0.199943, 0.013313
0.201001, 0.011800
0.202057, 0.010186
0.203117, 0.008673
0.204172, 0.007260
0.205228, 0.005747
0.206286, 0.004335
0.207348, 0.002922
0.208405, 0.001711
0.209462, 0.000299
0.210518, -0.001214
0.211574, -0.002627
0.212631, -0.003938
0.213688, -0.005250
0.214745, -0.006662
0.215800, -0.007974
0.216857, -0.009083
0.217914, -0.010496
0.218970, -0.011605
0.220026, -0.012917
0.221082, -0.014229
0.222138, -0.015540
0.223194, -0.017154
0.224254, -0.018264
0.225314, -0.019575
0.226376, -0.021089
0.227478, -0.022400
0.228537, -0.023611
0.229595, -0.024822
0.230653, -0.026032
0.231711, -0.027243
0.232770, -0.028353
0.233831, -0.029361
0.234889, -0.030572
0.235947, -0.031682
0.237005, -0.032892
0.238063, -0.034103
0.239120, -0.035213
0.240178, -0.036423
0.241235, -0.037432
0.242293, -0.038542
0.243350, -0.039551
0.244408, -0.040661
0.245465, -0.041468
0.246524, -0.042578
0.247584, -0.043586
0.248641, -0.044595
0.249699, -0.045503
0.250756, -0.046512
0.251814, -0.047521
0.252871, -0.048429
0.253929, -0.049438
0.254986, -0.050346
0.256044, -0.051355
0.257101, -0.052263
0.258159, -0.053271
0.259216, -0.054280
0.260274, -0.055087
0.261331, -0.055894
0.262397, -0.056802
0.263454, -0.057610
0.264512, -0.058417
0.265569, -0.059224
0.266626, -0.060031
0.267683, -0.060737
0.268743, -0.061443
0.269801, -0.062351
0.270858, -0.063057
0.271915, -0.063864
0.272972, -0.064571
0.274029, -0.065378
0.275087, -0.066084
0.276144, -0.066790
0.277201, -0.067496
0.278259, -0.068303
0.279316, -0.069010
0.280373, -0.069716
0.281430, -0.070422
0.282491, -0.071027
0.283548, -0.071734
0.284610, -0.072339
0.285667, -0.072944
0.286724, -0.073550
0.287782, -0.074054
0.288839, -0.074659
0.289906, -0.075265
0.290963, -0.075769
0.292019, -0.076273
0.293075, -0.076778
0.294132, -0.077282
0.295197, -0.077787
0.296254, -0.078291
0.297311, -0.078695
0.298367, -0.079199
0.299424, -0.079704
0.300483, -0.080107
0.301541, -0.080511
0.302598, -0.080914
0.303655, -0.081419
0.304713, -0.081923
0.305771, -0.082226
0.306828, -0.082629
0.307885, -0.082932
0.308942, -0.083335
0.309999, -0.083638
0.311056, -0.083941
0.312113, -0.084344
0.313174, -0.084647
0.314234, -0.084950
0.315305, -0.085252
0.316362, -0.085555
0.317419, -0.085858
0.318475, -0.086059
0.319531, -0.086261
0.320586, -0.086463
0.321641, -0.086665
0.322696, -0.086867
0.323752, -0.087068
0.324809, -0.087169
0.325867, -0.087371
0.326926, -0.087472
0.327982, -0.087674
0.329042, -0.087774
0.330100, -0.087875
0.331156, -0.087976
0.332216, -0.088077
0.333278, -0.088077
0.334339, -0.088178
0.335396, -0.088279
0.336455, -0.088279
0.337513, -0.088279
0.338570, -0.088279
0.339627, -0.088380
0.340685, -0.088380
0.341743, -0.088380
0.342800, -0.088279
0.343857, -0.088279
0.344916, -0.088279
0.345974, -0.088178
0.347032, -0.088178
0.348090, -0.088077
0.349147, -0.088077
0.350204, -0.087976
0.351260, -0.087976
0.352318, -0.087875
0.353377, -0.087774
0.354434, -0.087674
0.355491, -0.087674
0.356548, -0.087573
0.357605, -0.087472
0.358662, -0.087371
0.359718, -0.087270
0.360775, -0.087169
0.361832, -0.087169
0.362889, -0.087068
0.363901, -0.086967
0.364957, -0.086867
0.366015, -0.086766
0.367072, -0.086665
0.368129, -0.086564
0.369187, -0.086463
0.370243, -0.086362
0.371301, -0.086261
0.372358, -0.086160
0.373415, -0.086059
0.374472, -0.085959
0.375530, -0.085858
0.376586, -0.085757
0.377650, -0.085555
0.378707, -0.085454
0.379764, -0.085353
0.380821, -0.085252
0.381878, -0.085151
0.382935, -0.085051
0.383992, -0.084950
0.385049, -0.084849
0.386106, -0.084748
0.387163, -0.084647
0.388220, -0.084546
0.389277, -0.084445
0.390334, -0.084344
0.391397, -0.084243
0.392454, -0.084143
0.393511, -0.084042
0.394573, -0.083941
0.395633, -0.083840
0.396690, -0.083840
0.397747, -0.083739
0.398805, -0.083638
0.399862, -0.083537
0.400919, -0.083436
0.401986, -0.083436
0.403043, -0.083335
0.404101, -0.083235
0.405167, -0.083235
0.406224, -0.083134
0.407281, -0.083033
0.408338, -0.083033
0.409396, -0.082932
0.410453, -0.082831
0.411510, -0.082831
0.412567, -0.082730
0.413625, -0.082730
0.414681, -0.082629
0.415739, -0.082629
0.416796, -0.082528
0.417855, -0.082528
0.418911, -0.082528
0.419969, -0.082428
0.421026, -0.082428
0.422083, -0.082428
0.423140, -0.082327
0.424197, -0.082327
0.425254, -0.082327
0.426315, -0.082226
0.427376, -0.082226
0.428434, -0.082226
0.429496, -0.082226
0.430554, -0.082125
0.431617, -0.082125
0.432675, -0.082125
0.433737, -0.082125
0.434807, -0.082125
0.435865, -0.082024
0.436929, -0.082024
0.437986, -0.082024
0.439044, -0.082024
0.440101, -0.082024
0.441161, -0.082024
0.442218, -0.082024
0.443276, -0.082024
0.444368, -0.082024
0.445436, -0.082024
0.446494, -0.082024
0.447562, -0.082024
0.448619, -0.082024
0.449677, -0.082024
0.450734, -0.082024
0.451792, -0.082024
0.452849, -0.082024
0.453908, -0.082024
0.454965, -0.082024
0.456031, -0.082024
0.457091, -0.082024
0.458149, -0.082024
0.459208, -0.082024
0.460266, -0.082024
0.461322, -0.082024
0.462377, -0.082024
0.463433, -0.082024
0.464490, -0.082024
0.465547, -0.082024
0.466603, -0.082024
0.467660, -0.082024
0.468716, -0.082024
0.469773, -0.082024
0.470829, -0.082024
0.471885, -0.082024
0.472940, -0.082024
0.473995, -0.082024
0.475050, -0.082024
0.476107, -0.082024
0.477163, -0.082024
0.478218, -0.082024
0.479273, -0.082024
0.480329, -0.082024
0.481384, -0.082024
0.482440, -0.082024
0.483495, -0.082024
0.484550, -0.082024
0.485606, -0.082024
0.486662, -0.082024
0.487717, -0.082024
0.488773, -0.082024
0.489828, -0.082024
0.490884, -0.082024
0.491939, -0.082024
0.492995, -0.082024
0.494051, -0.082024
0.495107, -0.082024
0.496162, -0.082024
0.497217, -0.082024
0.498273, -0.082024
0.499328, -0.082024
0.500384, -0.082024
0.501440, -0.082024
0.502498, -0.082024
0.503558, -0.082024
0.504615, -0.082024
0.505671, -0.082024
0.506727, -0.082024
0.507783, -0.082024
0.508839, -0.082024
0.509895, -0.082024
0.510954, -0.082024
0.512011, -0.082024
0.513067, -0.082024
0.514123, -0.082024
0.515181, -0.082024
0.516242, -0.082024
0.517299, -0.082024
0.518355, -0.082024
0.519412, -0.082024
0.520472, -0.082024
0.521529, -0.082024
0.522584, -0.082024
0.523641, -0.082024
0.524697, -0.082024
0.525756, -0.082024
0.526814, -0.082024
0.527870, -0.082024
0.528925, -0.082024
0.529988, -0.082024
0.531044, -0.082024
0.532099, -0.082024
0.533161, -0.082024
0.534220, -0.082024
0.535276, -0.082024
0.536331, -0.082024
0.537391, -0.082024
0.538446, -0.082024
0.539502, -0.082024
0.540559, -0.082024
0.541615, -0.082024
0.542669, -0.082024
0.543725, -0.082024
0.544785, -0.082024
0.545842, -0.082024
0.546899, -0.082024
0.547955, -0.082024
0.549015, -0.082024
0.550075, -0.082024
0.551132, -0.082024
0.552189, -0.082024
0.553245, -0.082024
0.554305, -0.082024
0.555361, -0.082024
0.556419, -0.082024
0.557477, -0.082024
0.558532, -0.082024
0.559589, -0.082024
0.560646, -0.082024
0.561702, -0.082024
0.562759, -0.082024
0.563820, -0.082024
0.564877, -0.082024
0.565936, -0.082024
0.566997, -0.082024
0.568056, -0.082024
0.569117, -0.082024
0.570175, -0.082024
0.571232, -0.082024
0.572293, -0.082024
0.573355, -0.082024
0.574417, -0.082024
0.575478, -0.082024
0.576538, -0.082024
0.577598, -0.082024
0.578663, -0.082024
0.579722, -0.082024
0.580779, -0.082024
0.581835, -0.082024
0.582890, -0.082024
0.583946, -0.082024
0.585004, -0.082024
0.586062, -0.082024
0.587118, -0.082024
0.588174, -0.082024
0.589231, -0.082024
0.590288, -0.082024
0.591345, -0.082024
0.592401, -0.082024
0.593458, -0.082024
0.594515, -0.082024
0.595574, -0.082024
0.596637, -0.082024
0.597699, -0.082024
0.598760, -0.082024
0.599822, -0.082024
0.600883, -0.082024
0.601945, -0.082024
0.603006, -0.082024
0.604067, -0.082024
0.605126, -0.082024
0.606186, -0.082024
0.607248, -0.082024
0.608311, -0.082024
0.609374, -0.082024
0.610437, -0.082024
0.611495, -0.082024
0.612554, -0.082024
0.613612, -0.082024
0.614685, -0.082024
0.615742, -0.082024
0.616800, -0.082024
0.617857, -0.082024
0.618914, -0.082024
0.619972, -0.082024
0.621030, -0.082024
0.622087, -0.082024
0.623143, -0.082024
0.624202, -0.082024
0.625260, -0.082024
0.626320, -0.082024
0.627380, -0.082024
0.628436, -0.082024
0.629491, -0.082024
0.630547, -0.082024
0.631603, -0.082024
0.632662, -0.082024
0.633722, -0.082024
0.634778, -0.082024
0.635840, -0.082024
0.636901, -0.082024
0.637961, -0.082024
0.639022, -0.082024
0.640079, -0.082024
0.641138, -0.082024
0.642199, -0.082024
0.643260, -0.082024
0.644319, -0.082024
0.645376, -0.082024
0.646434, -0.082024
0.647491, -0.082024
0.648547, -0.082024
0.649603, -0.082024
0.650659, -0.082024
0.651715, -0.082024
0.652771, -0.082024
0.653827, -0.082024
0.654885, -0.082024
0.655901, -0.082024
0.656958, -0.082024
0.658013, -0.082024
0.659069, -0.082024
0.660124, -0.082024
0.661268, -0.082024
0.662326, -0.082024
0.663384, -0.082024
0.664441, -0.082024
0.665500, -0.082024
0.666561, -0.082024
0.667622, -0.082024
0.668685, -0.082024
0.669745, -0.082024
0.670807, -0.082024
0.671870, -0.082024
0.672952, -0.082024
0.674014, -0.082024
0.675074, -0.082024
0.676135, -0.082024
0.677194, -0.082024
0.678252, -0.082024
0.679309, -0.082024
0.680366, -0.082024
0.681424, -0.082024
0.682483, -0.082024
0.683540, -0.082024
0.684598, -0.082024
0.685656, -0.082024
0.686713, -0.082024
0.687771, -0.082024
0.688829, -0.082024
0.689886, -0.082024
0.690943, -0.082024
0.692003, -0.082024
0.693062, -0.082024
0.694119, -0.082024
0.695177, -0.082024
0.696234, -0.082024
0.697291, -0.082024
0.698349, -0.082024
0.699407, -0.082024
0.700463, -0.082024
0.701519, -0.082024
0.702578, -0.082024
0.703637, -0.082024
0.704693, -0.082024
0.705749, -0.082024
0.706805, -0.082024
0.707865, -0.082024
0.708922, -0.082024
0.709978, -0.082024
0.711034, -0.082024
0.712089, -0.082024
0.713145, -0.082024
0.714202, -0.082024
0.715261, -0.082024
0.716318, -0.082024
0.717374, -0.082024
0.718429, -0.082024
0.719485, -0.082024
0.720549, -0.082024
0.721606, -0.082024
0.722662, -0.082024
0.723718, -0.082024
0.724773, -0.082024
0.725831, -0.082024
0.726896, -0.082024
0.727958, -0.082024
0.729019, -0.082024
0.730081, -0.082024
0.731142, -0.082024
0.732201, -0.082024
0.733261, -0.082024
0.734321, -0.082024
0.735378, -0.082024
0.736435, -0.082024
0.737492, -0.082024
0.738548, -0.082024
0.739604, -0.082024
0.740661, -0.082024
0.741718, -0.082024
0.742775, -0.082024
0.743831, -0.082024
0.744887, -0.082024
0.745944, -0.082024
0.747006, -0.082024
0.748065, -0.082024
0.749128, -0.082024
0.750192, -0.082024
0.751253, -0.082024
0.752316, -0.082024
0.753378, -0.082024
0.754439, -0.082024
0.755505, -0.082024
0.756564, -0.082024
0.757622, -0.082024
0.758681, -0.082024
0.759739, -0.082024
0.760796, -0.082024
0.761853, -0.082024
0.762910, -0.082024
0.763966, -0.082024
0.765023, -0.082024
0.766080, -0.082024
0.767137, -0.082024
0.768195, -0.082024
0.769253, -0.082024
0.770309, -0.082024
0.771365, -0.082024
0.772421, -0.082024
0.773478, -0.082024
0.774535, -0.082024
0.775591, -0.082024
0.776648, -0.082024
0.777704, -0.082024
0.778761, -0.082024
0.779819, -0.082024
0.780876, -0.082024
0.781943, -0.082024
0.783000, -0.082024
0.784057, -0.082024
0.785115, -0.082024
0.786189, -0.082024
0.787247, -0.082024
0.788304, -0.082024
0.789362, -0.082024
0.790421, -0.082024
0.791478, -0.082024
0.792534, -0.082024
0.793591, -0.082024
0.794647, -0.082024
0.795703, -0.082024
0.796761, -0.082024
0.797818, -0.082024
0.798876, -0.082024
0.799933, -0.082024
0.800991, -0.082024
0.802047, -0.082024
0.803103, -0.082024
0.804160, -0.082024
0.805217, -0.082024
0.806290, -0.082024
0.807346, -0.082024
0.808403, -0.082024
0.809459, -0.082024
0.810515, -0.082024
0.811574, -0.082024
0.812631, -0.082024
0.813688, -0.082024
0.814760, -0.082024
0.815817, -0.082024
0.816875, -0.082024
0.817933, -0.082024
0.818990, -0.082024
0.820047, -0.082024
0.821104, -0.082024
0.822162, -0.082024
0.823219, -0.082024
0.824276, -0.082024
0.825337, -0.082024
0.826399, -0.082024
0.827462, -0.082024
0.828520, -0.082024
0.829578, -0.082024
0.830636, -0.082024
0.831693, -0.082024
0.832754, -0.082024
0.833821, -0.082024
0.834879, -0.082024
0.835936, -0.082024
0.836992, -0.082024
0.838047, -0.082024
0.839103, -0.082024
0.840161, -0.082024
0.841218, -0.082024
0.842275, -0.082024
0.843330, -0.082024
0.844387, -0.082024
0.845444, -0.082024
0.846501, -0.082024
0.847564, -0.082024
0.848620, -0.082024
0.849676, -0.082024
0.850732, -0.082024
0.851797, -0.082024
0.852853, -0.082024
0.853909, -0.082024
0.854965, -0.082024
0.856021, -0.082024
0.857076, -0.082024
0.858132, -0.082024
0.859188, -0.082024
0.860250, -0.082024
0.861307, -0.082024
0.862366, -0.082024
0.863422, -0.082024
0.864478, -0.082024
0.865538, -0.082024
0.866593, -0.082024
0.867647, -0.082024
0.868702, -0.082024
0.869762, -0.082024
0.870822, -0.082024
0.871878, -0.082024
0.872934, -0.082024
0.873989, -0.082024
0.875049, -0.082024
0.876109, -0.082024
0.877166, -0.082024
0.878260, -0.082024
0.879316, -0.082024
0.880371, -0.082024
0.881426, -0.082024
0.882480, -0.082024
0.883541, -0.082024
0.884598, -0.082024
0.885655, -0.082024
0.886712, -0.082024
0.887768, -0.082024
0.888823, -0.082024
0.889879, -0.082024
0.890936, -0.082024
0.891993, -0.082024
0.893048, -0.082024
0.894103, -0.082024
0.895159, -0.082024
0.896216, -0.082024
0.897272, -0.082024
0.898328, -0.082024
0.899383, -0.082024
0.900438, -0.082024
0.901495, -0.082024
0.902552, -0.082024
0.903608, -0.082024
0.904663, -0.082024
0.905720, -0.082024
0.906780, -0.082024
0.907840, -0.082024
0.908897, -0.082024
0.909952, -0.082024
0.911008, -0.082024
0.912065, -0.082024
0.913126, -0.082024
0.914182, -0.082024
0.915239, -0.082024
0.916296, -0.082024
0.917351, -0.082024
0.918407, -0.082024
0.919464, -0.082024
0.920521, -0.082024
0.921580, -0.082024
0.922635, -0.082024
0.923690, -0.082024
0.924746, -0.082024
0.925804, -0.082024
0.926865, -0.082024
0.927925, -0.082024
0.928981, -0.082024
0.000000, 0.477995
0.001081, 0.477894
0.002139, 0.477490
0.003198, 0.476683
0.004259, 0.475876
0.005318, 0.474867
0.006378, 0.473455
0.007437, 0.472042
0.008510, 0.470832
0.009583, 0.469016
0.010655, 0.466897
0.011717, 0.464375
0.012784, 0.462559
0.013848, 0.458423
0.014907, 0.455094
0.015965, 0.451764
0.017029, 0.449040
0.018093, 0.445711
0.019154, 0.442281
0.020212, 0.438952
0.021269, 0.435421
0.022325, 0.431688
0.023382, 0.427854
0.024439, 0.424222
0.025496, 0.421095
0.026553, 0.417261
0.027610, 0.413528
0.028668, 0.410300
0.029725, 0.407072
0.030780, 0.404146
0.031835, 0.400615
0.032891, 0.397084
0.033946, 0.393755
0.035001, 0.390224
0.036056, 0.386390
0.037111, 0.383061
0.038167, 0.379631
0.039225, 0.376302
0.040282, 0.373073
0.041337, 0.369643
0.042393, 0.366314
0.043449, 0.362884
0.044506, 0.359454
0.045585, 0.356023
0.046667, 0.352593
0.047749, 0.349163
0.048834, 0.346036
0.049917, 0.342908
0.050999, 0.339680
0.052081, 0.336250
0.053163, 0.332719
0.054245, 0.329289
0.055327, 0.326060
0.056409, 0.322731
0.057491, 0.319402
0.058573, 0.316073
0.059656, 0.312945
0.060738, 0.309918
0.061822, 0.306690
0.062903, 0.303260
0.063985, 0.299931
0.065067, 0.296702
0.066149, 0.293575
0.067231, 0.290347
0.068313, 0.287118
0.069395, 0.283890
0.070477, 0.280863
0.071560, 0.277837
0.072641, 0.274709
0.073724, 0.271380
0.074805, 0.268152
0.075887, 0.265125
0.076970, 0.261998
0.078052, 0.258971
0.079134, 0.255944
0.080216, 0.252716
0.081298, 0.249689
0.082380, 0.246663
0.083462, 0.243737
0.084545, 0.240610
0.085627, 0.237482
0.086709, 0.234355
0.087791, 0.231328
0.088874, 0.228503
0.089956, 0.225477
0.091038, 0.222450
0.092120, 0.219424
0.093194, 0.216599
0.094272, 0.213774
0.095353, 0.210949
0.096434, 0.208225
0.097516, 0.205199
0.098597, 0.202273
0.099677, 0.199246
0.100759, 0.196422
0.101834, 0.193597
0.102907, 0.190772
0.103980, 0.187846
0.105051, 0.185021
0.106131, 0.182298
0.107211, 0.179574
0.108292, 0.176749
0.109366, 0.173924
0.110444, 0.170998
0.111525, 0.168274
0.112605, 0.165550
0.113686, 0.162927
0.114768, 0.160103
0.115845, 0.157379
0.116904, 0.154554
0.117987, 0.152133
0.119069, 0.149409
0.120151, 0.146786
0.121233, 0.144062
0.122314, 0.141439
0.123395, 0.138614
0.124477, 0.135991
0.125540, 0.133368
0.126603, 0.130846
0.127688, 0.128223
0.128769, 0.125600
0.129852, 0.123077
0.130933, 0.120555
0.131998, 0.118033
0.133059, 0.115713
0.134123, 0.113594
0.135184, 0.111173
0.136241, 0.108550
0.137298, 0.106028
0.138355, 0.103606
0.139411, 0.101084
0.140472, 0.098966
0.141529, 0.096544
0.142586, 0.094123
0.143642, 0.091702
0.144698, 0.089281
0.145756, 0.087263
0.146814, 0.084942
0.147870, 0.082723
0.148926, 0.080302
0.149983, 0.077880
0.151045, 0.075459
0.152101, 0.073441
0.153159, 0.071222
0.154215, 0.068902
0.155271, 0.066783
0.156331, 0.064564
0.157387, 0.062546
0.158449, 0.060225
0.159505, 0.058006
0.160561, 0.055786
0.161618, 0.053567
0.162679, 0.051549
0.163735, 0.049431
0.164792, 0.047615
0.165848, 0.045496
0.166905, 0.043277
0.167961, 0.041158
0.169018, 0.039039
0.170074, 0.036921
0.171130, 0.035004
0.172186, 0.032885
0.173243, 0.030767
0.174299, 0.028951
0.175361, 0.026933
0.176417, 0.024915
0.177474, 0.023099
0.178530, 0.021082
0.179596, 0.019467
0.180652, 0.017450
0.181709, 0.015230
0.182765, 0.013313
0.183826, 0.011195
0.184882, 0.009278
0.185939, 0.007664
0.186996, 0.005747
0.188053, 0.004032
0.189109, 0.002216
0.190165, 0.000400
0.191222, -0.001517
0.192283, -0.003131
0.193339, -0.004947
0.194396, -0.006662
0.195452, -0.008377
0.196513, -0.009991
0.197569, -0.011706
0.198626, -0.013119
0.199683, -0.014935
0.200740, -0.016952
0.201798, -0.018668
0.202854, -0.020685
0.203911, -0.022501
0.204972, -0.023914
0.206028, -0.025629
0.207085, -0.027243
0.208141, -0.028857
0.209202, -0.030471
0.210260, -0.032085
0.211318, -0.033599
0.212379, -0.035213
0.213436, -0.036928
0.214492, -0.038643
0.215548, -0.040156
0.216605, -0.041468
0.217661, -0.043082
0.218718, -0.044494
0.219775, -0.046008
0.220831, -0.047521
0.221890, -0.048832
0.222946, -0.050447
0.224002, -0.051960
0.225059, -0.053574
0.226121, -0.054987
0.227182, -0.056500
0.228272, -0.057811
0.229329, -0.059325
0.230402, -0.060636
0.231461, -0.061746
0.232541, -0.063158
0.233620, -0.064571
0.234694, -0.066084
0.235773, -0.067395
0.236857, -0.068909
0.237939, -0.070321
0.239021, -0.071633
0.240103, -0.072944
0.241184, -0.074155
0.242266, -0.075567
0.243347, -0.076677
0.244429, -0.077888
0.245488, -0.079199
0.246545, -0.080410
0.247603, -0.081822
0.248662, -0.082831
0.249720, -0.084143
0.250775, -0.085454
0.251831, -0.086665
0.252889, -0.087674
0.253945, -0.088783
0.255001, -0.089893
0.256057, -0.091003
0.257112, -0.092012
0.258170, -0.093021
0.259227, -0.094029
0.260284, -0.095139
0.261341, -0.096148
0.262422, -0.097258
0.263504, -0.098368
0.264586, -0.099376
0.265668, -0.100385
0.266750, -0.101495
0.267831, -0.102504
0.268914, -0.103513
0.269976, -0.104421
0.271057, -0.105430
0.272138, -0.106338
0.273212, -0.107245
0.274271, -0.108053
0.275352, -0.108961
0.276428, -0.109768
0.277502, -0.110676
0.278577, -0.111584
0.279658, -0.112391
0.280735, -0.113299
0.281816, -0.114207
0.282898, -0.115115
0.283979, -0.115922
0.285055, -0.116830
0.286137, -0.117738
0.287218, -0.118545
0.288300, -0.119352
0.289373, -0.120058
0.290452, -0.120865
0.291533, -0.121571
0.292614, -0.122278
0.293695, -0.122984
0.294775, -0.123791
0.295856, -0.124497
0.296915, -0.125102
0.297998, -0.125809
0.299080, -0.126414
0.300141, -0.127019
0.301225, -0.127725
0.302306, -0.128432
0.303387, -0.129037
0.304467, -0.129743
0.305549, -0.130348
0.306631, -0.130954
0.307713, -0.131559
0.308795, -0.132164
0.309879, -0.132770
0.310961, -0.133375
0.312043, -0.133879
0.313125, -0.134485
0.314207, -0.134989
0.315290, -0.135494
0.316372, -0.135998
0.317454, -0.136502
0.318536, -0.137007
0.319618, -0.137410
0.320699, -0.137814
0.321782, -0.138218
0.322865, -0.138621
0.323946, -0.139025
0.325029, -0.139428
0.326089, -0.139832
0.327149, -0.140235
0.328212, -0.140538
0.329284, -0.140841
0.330344, -0.141143
0.331401, -0.141446
0.332458, -0.141749
0.333517, -0.142051
0.334576, -0.142253
0.335633, -0.142556
0.336690, -0.142757
0.337747, -0.143060
0.338804, -0.143262
0.339861, -0.143564
0.340918, -0.143766
0.341979, -0.143968
0.343037, -0.144170
0.344093, -0.144372
0.345151, -0.144472
0.346208, -0.144674
0.347263, -0.144775
0.348318, -0.144876
0.349374, -0.145078
0.350430, -0.145179
0.351485, -0.145280
0.352540, -0.145380
0.353620, -0.145380
0.354702, -0.145481
0.355783, -0.145582
0.356845, -0.145582
0.357927, -0.145683
0.359009, -0.145683
0.360091, -0.145683
0.361173, -0.145683
0.362249, -0.145683
0.363330, -0.145683
0.364412, -0.145683
0.365489, -0.145582
0.366563, -0.145582
0.367636, -0.145582
0.368709, -0.145481
0.369781, -0.145481
0.370854, -0.145380
0.371934, -0.145280
0.372994, -0.145280
0.374075, -0.145179
0.375157, -0.145078
0.376238, -0.145078
0.377320, -0.144977
0.378382, -0.144876
0.379464, -0.144775
0.380541, -0.144775
0.381624, -0.144674
0.382688, -0.144573
0.383770, -0.144472
0.384847, -0.144372
0.385929, -0.144372
0.387011, -0.144271
0.388093, -0.144170
0.389169, -0.144069
0.390250, -0.143968
0.391332, -0.143867
0.392413, -0.143766
0.393496, -0.143665
0.394578, -0.143564
0.395660, -0.143464
0.396741, -0.143363
0.397823, -0.143262
0.398904, -0.143262
0.399986, -0.143161
0.401068, -0.143060
0.402150, -0.142959
0.403232, -0.142858
0.404314, -0.142757
0.405396, -0.142657
0.406477, -0.142657
0.407560, -0.142556
0.408641, -0.142455
0.409723, -0.142354
0.410804, -0.142354
0.411885, -0.142253
0.412968, -0.142253
0.414049, -0.142152
0.415131, -0.142051
0.416212, -0.142051
0.417294, -0.141950
0.418375, -0.141950
0.419456, -0.141849
0.420538, -0.141749
0.421620, -0.141749
0.422702, -0.141648
0.423783, -0.141648
0.424852, -0.141648
0.425914, -0.141547
0.426975, -0.141547
0.428033, -0.141446
0.429089, -0.141446
0.430147, -0.141345
0.431207, -0.141345
0.432267, -0.141345
0.433329, -0.141244
0.434386, -0.141244
0.435443, -0.141244
0.436501, -0.141244
0.437558, -0.141143
0.438615, -0.141143
0.439671, -0.141143
0.440728, -0.141143
0.441786, -0.141042
0.442843, -0.141042
0.443914, -0.141042
0.445015, -0.141042
0.446071, -0.141042
0.447126, -0.141042
0.448211, -0.141042
0.449267, -0.140941
0.450326, -0.140941
0.451388, -0.140941
0.452444, -0.140941
0.453500, -0.140941
0.454557, -0.140941
0.455614, -0.140941
0.456671, -0.140941
0.457729, -0.140941
0.458785, -0.140941
0.459842, -0.140941
0.460899, -0.140941
0.461960, -0.140941
0.463017, -0.140941
0.464073, -0.140941
0.465132, -0.140941
0.466198, -0.140941
0.467255, -0.140941
0.468311, -0.140941
0.469368, -0.140941
0.470425, -0.140941
0.471487, -0.140941
0.472543, -0.140941
0.473599, -0.140941
0.474665, -0.140941
0.475721, -0.140941
0.476777, -0.140941
0.477834, -0.140941
0.478894, -0.140941
0.479950, -0.140941
0.481007, -0.140941
0.482063, -0.140941
0.483124, -0.140941
0.484180, -0.140941
0.485236, -0.140941
0.486292, -0.140941
0.487348, -0.140941
0.488404, -0.140941
0.489470, -0.140941
0.490526, -0.140941
0.491582, -0.140941
0.492639, -0.140941
0.493698, -0.140941
0.494755, -0.140941
0.495811, -0.140941
0.496872, -0.140941
0.497928, -0.140941
0.498984, -0.140941
0.500041, -0.140941
0.501104, -0.140941
0.502161, -0.140941
0.503217, -0.140941
0.504278, -0.140941
0.505335, -0.140941
0.506391, -0.140941
0.507447, -0.140941
0.508503, -0.140941
0.509560, -0.140941
0.510617, -0.140941
0.511674, -0.140941
0.512730, -0.140941
0.513787, -0.140941
0.514843, -0.140941
0.515899, -0.140941
0.516961, -0.140941
0.518017, -0.140941
0.519073, -0.140941
0.520132, -0.140941
0.521188, -0.140941
0.522245, -0.140941
0.523301, -0.140941
0.524357, -0.140941
0.525418, -0.140941
0.526490, -0.140941
0.527552, -0.140941
0.528629, -0.140941
0.529687, -0.140941
0.530744, -0.140941
0.531804, -0.140941
0.532864, -0.140941
0.533923, -0.140941
0.534980, -0.140941
0.536055, -0.140941
0.537114, -0.140941
0.538170, -0.140941
0.539227, -0.140941
0.540286, -0.140941
0.541341, -0.140941
0.542398, -0.140941
0.543455, -0.140941
0.544511, -0.140941
0.545568, -0.140941
0.546625, -0.140941
0.547682, -0.140941
0.548738, -0.140941
0.549794, -0.140941
0.550850, -0.140941
0.551907, -0.140941
0.552963, -0.140941
0.554019, -0.140941
0.555075, -0.140941
0.556132, -0.140941
0.557192, -0.140941
0.558255, -0.140941
0.559319, -0.140941
0.560381, -0.140941
0.561442, -0.140941
0.562503, -0.140941
0.563564, -0.140941
0.564626, -0.140941
0.565687, -0.140941
0.566749, -0.140941
0.567805, -0.140941
0.568862, -0.140941
0.569935, -0.140941
0.571006, -0.140941
0.572086, -0.140941
0.573167, -0.140941
0.574249, -0.140941
0.575330, -0.140941
0.576413, -0.140941
0.577495, -0.140941
0.578554, -0.140941
0.579613, -0.140941
0.580673, -0.140941
0.581732, -0.140941
0.582789, -0.140941
0.583845, -0.140941
0.584902, -0.140941
0.585976, -0.140941
0.587048, -0.140941
0.588129, -0.140941
0.589190, -0.140941
0.590272, -0.140941
0.591354, -0.140941
0.592435, -0.140941
0.593518, -0.140941
0.594599, -0.140941
0.595676, -0.140941
0.596757, -0.140941
0.597835, -0.140941
0.598917, -0.140941
0.599995, -0.140941
0.601078, -0.140941
0.602159, -0.140941
0.603241, -0.140941
0.604323, -0.140941
0.605405, -0.140941
0.606487, -0.140941
0.607568, -0.140941
0.608651, -0.140941
0.609734, -0.140941
0.610816, -0.140941
0.611893, -0.140941
0.612975, -0.140941
0.614057, -0.140941
0.615139, -0.140941
0.616220, -0.140941
0.617302, -0.140941
0.618384, -0.140941
0.619466, -0.140941
0.620548, -0.140941
0.621630, -0.140941
0.622712, -0.140941
0.623794, -0.140941
0.624858, -0.140941
0.625918, -0.140941
0.626982, -0.140941
0.628059, -0.140941
0.629116, -0.140941
0.630173, -0.140941
0.631231, -0.140941
0.632290, -0.140941
0.633351, -0.140941
0.634407, -0.140941
0.635463, -0.140941
0.636519, -0.140941
0.637576, -0.140941
0.638637, -0.140941
0.639696, -0.140941
0.640757, -0.140941
0.641816, -0.140941
0.642872, -0.140941
0.643929, -0.140941
0.644986, -0.140941
0.646043, -0.140941
0.647098, -0.140941
0.648153, -0.140941
0.649233, -0.140941
0.650290, -0.140941
0.651370, -0.140941
0.652451, -0.140941
0.653533, -0.140941
0.654614, -0.140941
0.655696, -0.140941
0.656769, -0.140941
0.657850, -0.140941
0.658932, -0.140941
0.660013, -0.140941
0.661095, -0.140941
0.662171, -0.140941
0.663252, -0.140941
0.664334, -0.140941
0.665416, -0.140941
0.666529, -0.140941
0.667611, -0.140941
0.668693, -0.140941
0.669775, -0.140941
0.670856, -0.140941
0.671939, -0.140941
0.673001, -0.140941
0.674059, -0.140941
0.675114, -0.140941
0.676169, -0.140941
0.677225, -0.140941
0.678280, -0.140941
0.679335, -0.140941
0.680390, -0.140941
0.681445, -0.140941
0.682501, -0.140941
0.683556, -0.140941
0.684611, -0.140941
0.685666, -0.140941
0.686721, -0.140941
0.687776, -0.140941
0.688831, -0.140941
0.689911, -0.140941
0.690992, -0.140941
0.692074, -0.140941
0.693156, -0.140941
0.694238, -0.140941
0.695319, -0.140941
0.696397, -0.140941
0.697480, -0.140941
0.698561, -0.140941
0.699643, -0.140941
0.700718, -0.140941
0.701801, -0.140941
0.702882, -0.140941
0.703964, -0.140941
0.705041, -0.140941
0.706123, -0.140941
0.707206, -0.140941
0.708287, -0.140941
0.709370, -0.140941
0.710452, -0.140941
0.711534, -0.140941
0.712616, -0.140941
0.713698, -0.140941
0.714780, -0.140941
0.715862, -0.140941
0.716922, -0.140941
0.718004, -0.140941
0.719085, -0.140941
0.720166, -0.140941
0.721248, -0.140941
0.722330, -0.140941
0.723411, -0.140941
0.724492, -0.140941
0.725555, -0.140941
0.726617, -0.140941
0.727677, -0.140941
0.728733, -0.140941
0.729794, -0.140941
0.730862, -0.140941
0.731920, -0.140941
0.732979, -0.140941
0.734036, -0.140941
0.735092, -0.140941
0.736148, -0.140941
0.737209, -0.140941
0.738265, -0.140941
0.739321, -0.140941
0.740378, -0.140941
0.741433, -0.140941
0.742494, -0.140941
0.743550, -0.140941
0.744606, -0.140941
0.745663, -0.140941
0.746721, -0.140941
0.747778, -0.140941
0.748838, -0.140941
0.749912, -0.140941
0.750983, -0.140941
0.752040, -0.140941
0.753096, -0.140941
0.754153, -0.140941
0.755216, -0.140941
0.756275, -0.140941
0.757337, -0.140941
0.758396, -0.140941
0.759454, -0.140941
0.760510, -0.140941
0.761567, -0.140941
0.762625, -0.141042
0.763682, -0.141042
0.764738, -0.141042
0.765794, -0.141042
0.766850, -0.141042
0.767922, -0.141042
0.769003, -0.141042
0.770085, -0.141042
0.771167, -0.141042
0.772250, -0.141042
0.773328, -0.141042
0.774403, -0.141042
0.775476, -0.141042
0.776548, -0.141042
0.777621, -0.141042
0.778693, -0.141042
0.779765, -0.141042
0.780838, -0.141042
0.781911, -0.141042
0.782984, -0.141042
0.784056, -0.141042
0.785113, -0.141042
0.786186, -0.141042
0.787258, -0.141042
0.788330, -0.141042
0.789403, -0.141042
0.790476, -0.141042
0.791550, -0.141042
0.792622, -0.141042
0.793694, -0.141042
0.794767, -0.141042
0.795847, -0.141042
0.796929, -0.141042
0.798012, -0.141042
0.799093, -0.141042
0.800153, -0.141042
0.801236, -0.141042
0.802318, -0.141042
0.803400, -0.141042
0.804478, -0.141042
0.805560, -0.141042
0.806641, -0.141042
0.807723, -0.141042
0.808805, -0.141042
0.809888, -0.141042
0.810970, -0.141042
0.812051, -0.141042
0.813134, -0.141042
0.814216, -0.141042
0.815297, -0.141042
0.816379, -0.141042
0.817461, -0.141042
0.818542, -0.141042
0.819623, -0.141042
0.820704, -0.141042
0.821787, -0.141042
0.822869, -0.141042
0.823952, -0.141042
0.825013, -0.141042
0.826077, -0.141042
0.827163, -0.141042
0.828245, -0.141042
0.829328, -0.141042
0.830409, -0.141042
0.831471, -0.141042
0.832554, -0.141042
0.833641, -0.141042
0.834724, -0.141042
0.835806, -0.141042
0.836887, -0.141042
0.837969, -0.141042
0.839050, -0.141042
0.840131, -0.141042
0.841213, -0.141042
0.842295, -0.141042
0.843376, -0.141042
0.844457, -0.141042
0.845534, -0.141042
0.846615, -0.141042
0.847697, -0.141042
0.848779, -0.141042
0.849862, -0.141042
0.850944, -0.141042
0.852026, -0.141042
0.853108, -0.141042
0.854190, -0.141042
0.855273, -0.141042
0.856355, -0.141042
0.857437, -0.141042
0.858520, -0.141042
0.859601, -0.141042
0.860683, -0.141042
0.861760, -0.141042
0.862842, -0.141042
0.863923, -0.141042
0.865007, -0.141042
0.866089, -0.141042
0.867171, -0.141042
0.868252, -0.141042
0.869335, -0.141042
0.870409, -0.141042
0.871489, -0.141042
0.872570, -0.141042
0.873652, -0.141042
0.874733, -0.141042
0.875815, -0.141042
0.876897, -0.141042
0.877979, -0.141042
0.879060, -0.141042
0.880142, -0.141042
0.881224, -0.141042
0.882306, -0.141042
0.883388, -0.141042
0.884469, -0.141042
0.885551, -0.141042
0.886666, -0.141042
0.887747, -0.141042
0.888829, -0.141042
0.889911, -0.141042
0.890992, -0.141042
0.892074, -0.141042
0.893156, -0.141042
0.894237, -0.141042
0.895318, -0.141042
0.896399, -0.141042
0.897481, -0.141042
0.898563, -0.141042
0.899644, -0.141042
0.900720, -0.141042
0.901803, -0.141042
0.902885, -0.141042
0.903966, -0.141042
0.905047, -0.141042
0.906129, -0.141042
0.907210, -0.141042
0.908291, -0.141042
0.909374, -0.141042
0.910455, -0.141042
0.911536, -0.141042
0.912618, -0.141042
0.913702, -0.141042
0.914783, -0.141042
0.915864, -0.141042
0.916946, -0.141042
0.918028, -0.141042
0.919110, -0.141042
0.920193, -0.141042
0.921274, -0.141042
0.922356, -0.141042
0.923437, -0.141042
0.924518, -0.141042
0.925600, -0.141042
0.926660, -0.141042
0.927717, -0.141042
0.928774, -0.141042
0.929834, -0.141042
0.930892, -0.141042
0.931952, -0.141042
0.933011, -0.141042
0.934067, -0.141042
0.935123, -0.141042
0.936178, -0.141042
0.937234, -0.141042
0.938289, -0.141042
0.939344, -0.141042
0.940399, -0.141042
0.941454, -0.141042
0.000000, 0.477995
0.001070, 0.477894
0.002126, 0.477389
0.003185, 0.476582
0.004243, 0.475775
0.005303, 0.474766
0.006359, 0.473455
0.007415, 0.472042
0.008470, 0.470630
0.009524, 0.468814
0.010679, 0.466695
0.011739, 0.464072
0.012795, 0.461248
0.013849, 0.458120
0.014905, 0.454892
0.015959, 0.452269
0.017013, 0.449242
0.018067, 0.446014
0.019121, 0.442785
0.020179, 0.439557
0.021241, 0.436228
0.022299, 0.432899
0.023356, 0.429166
0.024413, 0.425937
0.025472, 0.422507
0.026531, 0.418976
0.027589, 0.415546
0.028648, 0.412721
0.029707, 0.409695
0.030763, 0.406567
0.031818, 0.403036
0.032875, 0.400111
0.033935, 0.396681
0.034992, 0.393553
0.036047, 0.390325
0.037144, 0.386995
0.038204, 0.383565
0.039259, 0.380236
0.040314, 0.377109
0.041373, 0.374385
0.042428, 0.371055
0.043483, 0.367625
0.044538, 0.364296
0.045592, 0.361169
0.046648, 0.358142
0.047707, 0.355519
0.048763, 0.352291
0.049819, 0.349163
0.050876, 0.346036
0.051935, 0.343009
0.052991, 0.339882
0.054047, 0.337057
0.055103, 0.333728
0.056159, 0.330701
0.057216, 0.327674
0.058271, 0.324749
0.059328, 0.321621
0.060384, 0.318998
0.061440, 0.315770
0.062495, 0.312844
0.063551, 0.309818
0.064607, 0.306791
0.065667, 0.304067
0.066723, 0.300940
0.067778, 0.298014
0.068835, 0.295088
0.069896, 0.292667
0.070956, 0.289640
0.072013, 0.286614
0.073069, 0.283587
0.074124, 0.280662
0.075184, 0.277736
0.076241, 0.274911
0.077297, 0.272288
0.078353, 0.269261
0.079409, 0.266437
0.080466, 0.263713
0.081522, 0.261090
0.082582, 0.258567
0.083642, 0.255642
0.084698, 0.252615
0.085754, 0.249790
0.086811, 0.246966
0.087867, 0.244343
0.088928, 0.241619
0.089985, 0.239096
0.091042, 0.236272
0.092097, 0.233447
0.093153, 0.230723
0.094209, 0.227999
0.095268, 0.225578
0.096325, 0.222854
0.097381, 0.220029
0.098437, 0.217406
0.099492, 0.214682
0.100548, 0.212664
0.101606, 0.209940
0.102661, 0.207418
0.103717, 0.204694
0.104773, 0.201970
0.105833, 0.199549
0.106889, 0.196926
0.107945, 0.194303
0.109000, 0.191781
0.110062, 0.189158
0.111122, 0.186535
0.112178, 0.184214
0.113234, 0.181995
0.114290, 0.179574
0.115346, 0.176951
0.116401, 0.174328
0.117457, 0.171805
0.118517, 0.169586
0.119573, 0.167165
0.120628, 0.164844
0.121684, 0.162423
0.122739, 0.160002
0.123795, 0.157480
0.124852, 0.155361
0.125911, 0.152940
0.126970, 0.150619
0.128026, 0.148400
0.129082, 0.145979
0.130139, 0.143557
0.131195, 0.141439
0.132251, 0.139017
0.133308, 0.136596
0.134363, 0.134276
0.135419, 0.131955
0.136476, 0.129938
0.137533, 0.127617
0.138591, 0.125398
0.139647, 0.123077
0.140703, 0.120858
0.141760, 0.119042
0.142821, 0.116923
0.143877, 0.114805
0.144933, 0.112686
0.145988, 0.110467
0.147045, 0.108247
0.148103, 0.106431
0.149159, 0.104212
0.150215, 0.102093
0.151271, 0.099975
0.152331, 0.097856
0.153387, 0.095737
0.154443, 0.093921
0.155498, 0.091904
0.156553, 0.089785
0.157609, 0.087868
0.158665, 0.085850
0.159722, 0.083934
0.160778, 0.082219
0.161835, 0.080201
0.162890, 0.078183
0.163945, 0.076065
0.165002, 0.074148
0.166062, 0.072433
0.167118, 0.070516
0.168175, 0.068700
0.169230, 0.066884
0.170289, 0.065169
0.171345, 0.063252
0.172402, 0.061436
0.173457, 0.059519
0.174512, 0.057602
0.175568, 0.055786
0.176625, 0.054172
0.177681, 0.052457
0.178737, 0.050843
0.179791, 0.049027
0.180850, 0.047312
0.181907, 0.045597
0.182963, 0.044084
0.184020, 0.042369
0.185076, 0.040654
0.186132, 0.038938
0.187188, 0.037223
0.188244, 0.035508
0.189300, 0.033995
0.190357, 0.032381
0.191412, 0.030565
0.192468, 0.028951
0.193524, 0.027337
0.194584, 0.025924
0.195640, 0.024411
0.196696, 0.022998
0.197752, 0.021485
0.198808, 0.019972
0.199863, 0.018459
0.200921, 0.016945
0.201981, 0.015432
0.203037, 0.013919
0.204093, 0.012305
0.205149, 0.010690
0.206206, 0.009480
0.207262, 0.007966
0.208320, 0.006857
0.209376, 0.005142
0.210433, 0.004032
0.211489, 0.002720
0.212546, 0.001308
0.213612, -0.000004
0.214668, -0.001416
0.215725, -0.002627
0.216781, -0.003938
0.217837, -0.005250
0.218894, -0.006561
0.219950, -0.007671
0.221007, -0.008781
0.222064, -0.009991
0.223122, -0.011303
0.224179, -0.012413
0.225237, -0.013623
0.226295, -0.014733
0.227402, -0.016246
0.228461, -0.017558
0.229520, -0.018668
0.230577, -0.019979
0.231635, -0.021391
0.232692, -0.022602
0.233751, -0.023712
0.234808, -0.024721
0.235864, -0.025830
0.236895, -0.026940
0.237957, -0.027949
0.239014, -0.028958
0.240071, -0.029967
0.241129, -0.031077
0.242186, -0.032085
0.243243, -0.033296
0.244301, -0.034305
0.245358, -0.035213
0.246415, -0.036323
0.247472, -0.037331
0.248529, -0.038340
0.249587, -0.039248
0.250646, -0.040257
0.251703, -0.041165
0.252760, -0.042073
0.253820, -0.042880
0.254879, -0.043889
0.255935, -0.044696
0.256995, -0.045503
0.258052, -0.046411
0.259108, -0.047319
0.260165, -0.048126
0.261224, -0.048933
0.262282, -0.049841
0.263339, -0.050648
0.264396, -0.051455
0.265457, -0.052363
0.266516, -0.053171
0.267572, -0.053978
0.268627, -0.054684
0.269683, -0.055491
0.270739, -0.056197
0.271795, -0.056903
0.272850, -0.057610
0.273906, -0.058215
0.274963, -0.059022
0.276019, -0.059728
0.277075, -0.060333
0.278131, -0.060939
0.279187, -0.061544
0.280242, -0.062149
0.281298, -0.062755
0.282354, -0.063461
0.283409, -0.064066
0.284465, -0.064571
0.285520, -0.065277
0.286577, -0.065882
0.287632, -0.066387
0.288688, -0.066992
0.289745, -0.067496
0.290800, -0.068001
0.291856, -0.068606
0.292892, -0.069211
0.293950, -0.069716
0.295006, -0.070220
0.296061, -0.070624
0.297118, -0.071128
0.298173, -0.071532
0.299229, -0.072036
0.300285, -0.072440
0.301342, -0.072843
0.302399, -0.073247
0.303456, -0.073650
0.304511, -0.073953
0.305567, -0.074357
0.306623, -0.074760
0.307679, -0.075063
0.308735, -0.075466
0.309792, -0.075769
0.310850, -0.076072
0.311907, -0.076273
0.312963, -0.076576
0.314019, -0.076879
0.315074, -0.077081
0.316131, -0.077383
0.317189, -0.077585
0.318246, -0.077787
0.319302, -0.077989
0.320357, -0.078190
0.321413, -0.078392
0.322469, -0.078594
0.323524, -0.078695
0.324581, -0.078897
0.325641, -0.078997
0.326702, -0.079199
0.327759, -0.079300
0.328815, -0.079401
0.329876, -0.079502
0.330932, -0.079603
0.331989, -0.079704
0.333045, -0.079804
0.334100, -0.079804
0.335160, -0.079905
0.336217, -0.079905
0.337280, -0.079905
0.338339, -0.079905
0.339396, -0.079905
0.340453, -0.079905
0.341511, -0.079905
0.342568, -0.079905
0.343624, -0.079905
0.344681, -0.079804
0.345738, -0.079804
0.346795, -0.079704
0.347852, -0.079704
0.348909, -0.079603
0.349968, -0.079603
0.351026, -0.079502
0.352083, -0.079401
0.353140, -0.079401
0.354197, -0.079300
0.355253, -0.079199
0.356311, -0.079098
0.357369, -0.078997
0.358426, -0.078897
0.359484, -0.078796
0.360540, -0.078695
0.361598, -0.078594
0.362655, -0.078493
0.363712, -0.078392
0.364769, -0.078291
0.365826, -0.078190
0.366883, -0.078089
0.367940, -0.077989
0.368997, -0.077888
0.370055, -0.077787
0.371111, -0.077686
0.372168, -0.077585
0.373225, -0.077484
0.374282, -0.077484
0.375339, -0.077383
0.376396, -0.077282
0.377453, -0.077181
0.378509, -0.077081
0.379566, -0.076980
0.380624, -0.076879
0.381681, -0.076778
0.382738, -0.076778
0.383795, -0.076677
0.384852, -0.076576
0.385908, -0.076475
0.386965, -0.076374
0.388021, -0.076273
0.389078, -0.076273
0.390134, -0.076173
0.391192, -0.076072
0.392248, -0.076072
0.393305, -0.075971
0.394361, -0.075870
0.395417, -0.075870
0.396474, -0.075769
0.397530, -0.075668
0.398587, -0.075668
0.399643, -0.075567
0.400700, -0.075466
0.401759, -0.075466
0.402815, -0.075365
0.403872, -0.075365
0.404886, -0.075265
0.405943, -0.075265
0.406999, -0.075265
0.408055, -0.075164
0.409112, -0.075164
0.410170, -0.075063
0.411231, -0.075063
0.412291, -0.075063
0.413347, -0.074962
0.414403, -0.074962
0.415460, -0.074962
0.416516, -0.074861
0.417572, -0.074861
0.418629, -0.074861
0.419688, -0.074861
0.420744, -0.074861
0.421799, -0.074760
0.422856, -0.074760
0.423912, -0.074760
0.424969, -0.074760
0.426026, -0.074760
0.427084, -0.074760
0.428140, -0.074760
0.429199, -0.074760
0.430256, -0.074760
0.431311, -0.074760
0.432367, -0.074760
0.433422, -0.074760
0.434478, -0.074760
0.435533, -0.074760
0.436596, -0.074760
0.437654, -0.074760
0.438711, -0.074760
0.439772, -0.074760
0.440828, -0.074760
0.441884, -0.074760
0.442941, -0.074760
0.444026, -0.074760
0.445082, -0.074760
0.446141, -0.074760
0.447203, -0.074760
0.448260, -0.074760
0.449318, -0.074760
0.450376, -0.074760
0.451434, -0.074760
0.452490, -0.074760
0.453547, -0.074760
0.454605, -0.074760
0.455662, -0.074760
0.456719, -0.074760
0.457777, -0.074760
0.458834, -0.074760
0.459891, -0.074760
0.460948, -0.074760
0.462014, -0.074760
0.463071, -0.074760
0.464128, -0.074760
0.465185, -0.074760
0.466242, -0.074760
0.467299, -0.074760
0.468356, -0.074760
0.469414, -0.074760
0.470470, -0.074760
0.471527, -0.074760
0.472584, -0.074760
0.473641, -0.074760
0.474698, -0.074760
0.475755, -0.074760
0.476812, -0.074760
0.477869, -0.074760
0.478927, -0.074760
0.479984, -0.074760
0.481041, -0.074760
0.482098, -0.074760
0.483155, -0.074760
0.484212, -0.074760
0.485269, -0.074760
0.486326, -0.074760
0.487382, -0.074760
0.488439, -0.074760
0.489497, -0.074760
0.490554, -0.074760
0.491611, -0.074760
0.492668, -0.074760
0.493726, -0.074760
0.494783, -0.074760
0.495839, -0.074760
0.496886, -0.074760
0.497942, -0.074760
0.498998, -0.074760
0.500055, -0.074760
0.501112, -0.074760
0.502168, -0.074760
0.503225, -0.074760
0.504281, -0.074760
0.505337, -0.074760
0.506393, -0.074760
0.507450, -0.074760
0.508506, -0.074760
0.509562, -0.074760
0.510619, -0.074760
0.511676, -0.074760
0.512732, -0.074760
0.513788, -0.074760
0.514845, -0.074760
0.515901, -0.074760
0.516957, -0.074760
0.518013, -0.074760
0.519069, -0.074760
0.520126, -0.074760
0.521182, -0.074760
0.522239, -0.074760
0.523296, -0.074760
0.524356, -0.074760
0.525413, -0.074760
0.526473, -0.074760
0.527534, -0.074760
0.528591, -0.074760
0.529649, -0.074760
0.530707, -0.074760
0.531764, -0.074760
0.532822, -0.074760
0.533879, -0.074760
0.534936, -0.074760
0.535993, -0.074760
0.537053, -0.074760
0.538114, -0.074760
0.539171, -0.074760
0.540228, -0.074760
0.541286, -0.074760
0.542343, -0.074760
0.543400, -0.074760
0.544457, -0.074760
0.545514, -0.074760
0.546571, -0.074760
0.547627, -0.074760
0.548684, -0.074760
0.549742, -0.074760
0.550800, -0.074760
0.551857, -0.074760
0.552914, -0.074760
0.553971, -0.074760
0.555028, -0.074760
0.556085, -0.074760
0.557142, -0.074760
0.558198, -0.074760
0.559255, -0.074760
0.560312, -0.074760
0.561369, -0.074760
0.562426, -0.074760
0.563483, -0.074760
0.564540, -0.074760
0.565597, -0.074760
0.566654, -0.074760
0.567711, -0.074760
0.568771, -0.074760
0.569829, -0.074760
0.570885, -0.074760
0.571942, -0.074760
0.572999, -0.074760
0.574056, -0.074760
0.575113, -0.074760
0.576170, -0.074760
0.577227, -0.074760
0.578284, -0.074760
0.579340, -0.074760
0.580406, -0.074760
0.581463, -0.074760
0.582522, -0.074760
0.583578, -0.074760
0.584644, -0.074760
0.585702, -0.074760
0.586767, -0.074760
0.587824, -0.074760
0.588881, -0.074760
0.589938, -0.074760
0.590995, -0.074760
0.592052, -0.074760
0.593109, -0.074760
0.594165, -0.074760
0.595222, -0.074760
0.596279, -0.074760
0.597336, -0.074760
0.598393, -0.074760
0.599449, -0.074760
0.600507, -0.074760
0.601564, -0.074760
0.602621, -0.074760
0.603677, -0.074760
0.604734, -0.074760
0.605790, -0.074760
0.606848, -0.074760
0.607904, -0.074760
0.608960, -0.074760
0.610016, -0.074760
0.611074, -0.074760
0.612132, -0.074760
0.613188, -0.074760
0.614244, -0.074760
0.615300, -0.074760
0.616365, -0.074760
0.617424, -0.074760
0.618481, -0.074760
0.619538, -0.074760
0.620594, -0.074760
0.621652, -0.074760
0.622709, -0.074760
0.623765, -0.074760
0.624822, -0.074760
0.625882, -0.074760
0.626943, -0.074760
0.628001, -0.074760
0.629059, -0.074760
0.630116, -0.074760
0.631172, -0.074760
0.632229, -0.074760
0.633286, -0.074760
0.634343, -0.074760
0.635400, -0.074760
0.636460, -0.074760
0.637519, -0.074760
0.638577, -0.074760
0.639633, -0.074760
0.640688, -0.074760
0.641744, -0.074760
0.642803, -0.074760
0.643862, -0.074760
0.644918, -0.074760
0.645974, -0.074760
0.647030, -0.074760
0.648087, -0.074760
0.649143, -0.074760
0.650200, -0.074760
0.651258, -0.074760
0.652312, -0.074760
0.653368, -0.074760
0.654423, -0.074760
0.655478, -0.074760
0.656533, -0.074760
0.657594, -0.074760
0.658649, -0.074760
0.659706, -0.074760
0.660803, -0.074760
0.661865, -0.074760
0.662922, -0.074760
0.663979, -0.074760
0.665036, -0.074760
0.666093, -0.074760
0.667150, -0.074760
0.668206, -0.074760
0.669264, -0.074760
0.670320, -0.074760
0.671377, -0.074760
0.672434, -0.074760
0.673491, -0.074760
0.674547, -0.074760
0.675604, -0.074760
0.676661, -0.074760
0.677718, -0.074760
0.678774, -0.074760
0.679831, -0.074760
0.680888, -0.074760
0.681945, -0.074760
0.683002, -0.074760
0.684059, -0.074760
0.685116, -0.074760
0.686172, -0.074760
0.687229, -0.074760
0.688286, -0.074760
0.689343, -0.074760
0.690400, -0.074760
0.691457, -0.074760
0.692513, -0.074760
0.693571, -0.074760
0.694627, -0.074760
0.695684, -0.074760
0.696741, -0.074760
0.697798, -0.074760
0.698855, -0.074760
0.699912, -0.074760
0.700968, -0.074760
0.702025, -0.074760
0.703081, -0.074760
0.704138, -0.074760
0.705194, -0.074760
0.706250, -0.074760
0.707306, -0.074760
0.708363, -0.074760
0.709419, -0.074760
0.710475, -0.074760
0.711531, -0.074760
0.712587, -0.074760
0.713644, -0.074760
0.714700, -0.074760
0.715757, -0.074760
0.716813, -0.074760
0.717869, -0.074760
0.718925, -0.074760
0.719982, -0.074760
0.721038, -0.074760
0.722095, -0.074760
0.723152, -0.074760
0.724209, -0.074760
0.725266, -0.074760
0.726326, -0.074760
0.727388, -0.074760
0.728445, -0.074760
0.729503, -0.074760
0.730560, -0.074760
0.731617, -0.074760
0.732674, -0.074760
0.733731, -0.074760
0.734788, -0.074760
0.735846, -0.074760
0.736905, -0.074760
0.737966, -0.074760
0.739023, -0.074760
0.740080, -0.074760
0.741137, -0.074760
0.742194, -0.074760
0.743251, -0.074760
0.744308, -0.074760
0.745365, -0.074760
0.746424, -0.074760
0.747481, -0.074760
0.748538, -0.074760
0.749596, -0.074760
0.750654, -0.074760
0.751711, -0.074760
0.752768, -0.074760
0.753825, -0.074760
0.754882, -0.074760
0.755939, -0.074760
0.756996, -0.074760
0.758053, -0.074760
0.759110, -0.074760
0.760167, -0.074760
0.761225, -0.074760
0.762282, -0.074760
0.763338, -0.074760
0.764395, -0.074760
0.765452, -0.074760
0.766509, -0.074760
0.767567, -0.074760
0.768624, -0.074760
0.769682, -0.074760
0.770739, -0.074760
0.771795, -0.074760
0.772852, -0.074760
0.773908, -0.074760
0.774965, -0.074760
0.776021, -0.074760
0.777077, -0.074760
0.778134, -0.074760
0.779190, -0.074760
0.780246, -0.074760
0.781302, -0.074760
0.782358, -0.074760
0.783415, -0.074760
0.784471, -0.074760
0.785528, -0.074760
0.786584, -0.074760
0.787641, -0.074760
0.788698, -0.074760
0.789755, -0.074760
0.790811, -0.074760
0.791867, -0.074760
0.792887, -0.074760
0.793944, -0.074760
0.795000, -0.074760
0.796057, -0.074760
0.797114, -0.074760
0.798171, -0.074760
0.799228, -0.074760
0.800284, -0.074760
0.801344, -0.074760
0.802403, -0.074760
0.803458, -0.074760
0.804514, -0.074760
0.805570, -0.074760
0.806625, -0.074760
0.807681, -0.074760
0.808736, -0.074760
0.809793, -0.074760
0.810851, -0.074760
0.811907, -0.074760
0.812963, -0.074760
0.814019, -0.074760
0.815075, -0.074760
0.816132, -0.074760
0.817188, -0.074760
0.818244, -0.074760
0.819300, -0.074760
0.820355, -0.074760
0.821411, -0.074760
0.822466, -0.074760
0.823522, -0.074760
0.824580, -0.074760
0.825639, -0.074760
0.826699, -0.074760
0.827757, -0.074760
0.828812, -0.074760
0.829868, -0.074760
0.830924, -0.074760
0.831984, -0.074760
0.833040, -0.074760
0.834097, -0.074760
0.835152, -0.074760
0.836217, -0.074760
0.837278, -0.074760
0.838339, -0.074760
0.839396, -0.074760
0.840452, -0.074760
0.841510, -0.074760
0.842567, -0.074760
0.843624, -0.074760
0.844680, -0.074760
0.845737, -0.074760
0.846794, -0.074760
0.847851, -0.074760
0.848910, -0.074760
0.849968, -0.074760
0.851028, -0.074760
0.852084, -0.074760
0.853140, -0.074760
0.854196, -0.074760
0.855253, -0.074760
0.856310, -0.074760
0.857384, -0.074760
0.858441, -0.074760
0.859497, -0.074760
0.860551, -0.074760
0.861608, -0.074760
0.862663, -0.074760
0.863718, -0.074760
0.864772, -0.074760
0.865827, -0.074760
0.866882, -0.074760
0.867937, -0.074760
0.868991, -0.074760
0.870046, -0.074760
0.871100, -0.074760
0.872156, -0.074760
0.873211, -0.074760
0.874265, -0.074760
0.875320, -0.074760
0.876374, -0.074760
0.877462, -0.074760
0.878518, -0.074760
0.879573, -0.074760
0.880628, -0.074760
0.881683, -0.074760
0.882739, -0.074760
0.883794, -0.074760
0.884849, -0.074760
0.885904, -0.074760
0.886959, -0.074760
0.888014, -0.074760
0.889070, -0.074760
0.890125, -0.074760
0.891180, -0.074760
0.892235, -0.074760
0.893290, -0.074760
0.894345, -0.074760
0.895404, -0.074760
0.896462, -0.074760
0.897517, -0.074760
0.898572, -0.074760
0.899628, -0.074760
0.900684, -0.074760
0.901740, -0.074760
0.902796, -0.074760
0.903855, -0.074760
0.904911, -0.074760
0.905966, -0.074760
0.907022, -0.074760
0.908078, -0.074760
0.909138, -0.074760
0.910196, -0.074760
0.911252, -0.074760
0.912308, -0.074760
0.913363, -0.074760
0.914419, -0.074760
0.915475, -0.074760
