0.000000, 0.477591
0.001097, 0.477490
0.002179, 0.476986
0.003264, 0.476280
0.004346, 0.475372
0.005428, 0.474262
0.006510, 0.472648
0.007593, 0.471235
0.008676, 0.469823
0.009759, 0.467906
0.010821, 0.465888
0.011905, 0.463064
0.012967, 0.460138
0.014052, 0.456809
0.015133, 0.453580
0.016216, 0.450554
0.017281, 0.447527
0.018364, 0.444400
0.019448, 0.441272
0.020530, 0.438649
0.021613, 0.435723
0.022695, 0.432495
0.023776, 0.429267
0.024859, 0.425937
0.025923, 0.422911
0.026985, 0.419783
0.028048, 0.416858
0.029109, 0.413932
0.030185, 0.411410
0.031246, 0.408182
0.032302, 0.405155
0.033360, 0.402027
0.034418, 0.398698
0.035478, 0.395369
0.036537, 0.391939
0.037595, 0.389215
0.038651, 0.386087
0.039708, 0.382960
0.040765, 0.379530
0.041825, 0.376402
0.042887, 0.373073
0.043946, 0.369845
0.045004, 0.366616
0.046061, 0.363893
0.047118, 0.360664
0.048178, 0.357839
0.049237, 0.355015
0.050294, 0.352694
0.051353, 0.349668
0.052411, 0.346843
0.053469, 0.344321
0.054526, 0.341597
0.055582, 0.338974
0.056639, 0.336351
0.057696, 0.333828
0.058755, 0.331205
0.059813, 0.328582
0.060872, 0.326363
0.061931, 0.323740
0.062988, 0.321117
0.064068, 0.318796
0.065132, 0.315871
0.066195, 0.313046
0.067255, 0.310423
0.068312, 0.307800
0.069372, 0.305177
0.070430, 0.302856
0.071487, 0.300133
0.072544, 0.297409
0.073601, 0.294584
0.074659, 0.291759
0.075716, 0.289439
0.076771, 0.286715
0.077827, 0.284092
0.078883, 0.281469
0.079940, 0.278946
0.080995, 0.276929
0.082051, 0.274507
0.083107, 0.272187
0.084162, 0.269867
0.085217, 0.267345
0.086273, 0.265226
0.087329, 0.262906
0.088384, 0.260787
0.089439, 0.258567
0.090496, 0.256449
0.091551, 0.254330
0.092606, 0.252413
0.093663, 0.250295
0.094718, 0.247974
0.095774, 0.245755
0.096829, 0.243636
0.097885, 0.241417
0.098941, 0.239500
0.099997, 0.237280
0.101053, 0.234960
0.102110, 0.232741
0.103166, 0.230521
0.104222, 0.228403
0.105279, 0.226385
0.106334, 0.224367
0.107389, 0.222148
0.108446, 0.220332
0.109502, 0.218112
0.110557, 0.215893
0.111613, 0.213774
0.112669, 0.211655
0.113725, 0.209739
0.114782, 0.207822
0.115838, 0.206107
0.116894, 0.204493
0.117949, 0.202677
0.119005, 0.200861
0.120061, 0.198944
0.121116, 0.197430
0.122172, 0.195615
0.123228, 0.193899
0.124283, 0.192184
0.125339, 0.190469
0.126397, 0.188653
0.127455, 0.187039
0.128510, 0.185324
0.129566, 0.183609
0.130645, 0.181793
0.131727, 0.180280
0.132810, 0.178565
0.133871, 0.176951
0.134959, 0.175336
0.136041, 0.173621
0.137123, 0.171906
0.138205, 0.170191
0.139262, 0.168476
0.140342, 0.166862
0.141424, 0.165248
0.142506, 0.163735
0.143589, 0.162221
0.144672, 0.160809
0.145754, 0.159396
0.146814, 0.158085
0.147875, 0.156673
0.148935, 0.155361
0.149991, 0.153949
0.151048, 0.152839
0.152105, 0.151527
0.153162, 0.150216
0.154219, 0.149005
0.155276, 0.147795
0.156333, 0.146584
0.157390, 0.145474
0.158446, 0.144364
0.159503, 0.143053
0.160559, 0.141842
0.161616, 0.140632
0.162672, 0.139219
0.163729, 0.138210
0.164786, 0.137101
0.165842, 0.135890
0.166900, 0.134679
0.167957, 0.133570
0.169015, 0.132561
0.170072, 0.131754
0.171130, 0.130644
0.172185, 0.129635
0.173241, 0.128626
0.174297, 0.127819
0.175353, 0.126911
0.176408, 0.126003
0.177464, 0.125196
0.178519, 0.124389
0.179574, 0.123481
0.180629, 0.122674
0.181685, 0.121867
0.182741, 0.121161
0.183797, 0.120454
0.184853, 0.119748
0.185908, 0.119042
0.186964, 0.118336
0.188019, 0.117630
0.189075, 0.117024
0.190130, 0.116520
0.191185, 0.115915
0.192240, 0.115410
0.193296, 0.114805
0.194352, 0.114099
0.195407, 0.113594
0.196463, 0.113090
0.197518, 0.112585
0.198574, 0.112081
0.199629, 0.111576
0.200686, 0.111072
0.201741, 0.110568
0.202796, 0.110164
0.203851, 0.109660
0.204907, 0.109256
0.205962, 0.108953
0.207018, 0.108651
0.208073, 0.108247
0.209128, 0.107945
0.210183, 0.107642
0.211238, 0.107339
0.212293, 0.107137
0.213348, 0.106936
0.214403, 0.106734
0.215458, 0.106633
0.216515, 0.106532
0.217571, 0.106431
0.218626, 0.106330
0.219680, 0.106229
0.220736, 0.106129
0.221792, 0.106028
0.222847, 0.106028
0.223902, 0.105927
0.224957, 0.105927
0.226015, 0.105927
0.227074, 0.105927
0.228131, 0.105927
0.229235, 0.105927
0.230292, 0.106028
0.231348, 0.106028
0.232404, 0.106129
0.233461, 0.106229
0.234519, 0.106330
0.235577, 0.106431
0.236633, 0.106532
0.237689, 0.106633
0.238746, 0.106835
0.239801, 0.107037
0.240857, 0.107137
0.241913, 0.107440
0.242969, 0.107642
0.244024, 0.107844
0.245080, 0.108146
0.246135, 0.108449
0.247191, 0.108651
0.248248, 0.108953
0.249303, 0.109155
0.250360, 0.109458
0.251414, 0.109660
0.252470, 0.109861
0.253550, 0.110164
0.254611, 0.110366
0.255681, 0.110568
0.256758, 0.110870
0.257833, 0.111072
0.258906, 0.111274
0.259979, 0.111476
0.261052, 0.111778
0.262125, 0.111980
0.263182, 0.112182
0.264262, 0.112384
0.265345, 0.112585
0.266426, 0.112888
0.267510, 0.113090
0.268592, 0.113291
0.269674, 0.113594
0.270736, 0.113796
0.271818, 0.114099
0.272915, 0.114401
0.273997, 0.114704
0.275078, 0.115007
0.276159, 0.115309
0.277233, 0.115511
0.278311, 0.115814
0.279393, 0.116015
0.280470, 0.116217
0.281544, 0.116520
0.282624, 0.116822
0.283705, 0.117024
0.284768, 0.117327
0.285829, 0.117529
0.286886, 0.117730
0.287952, 0.118033
0.289015, 0.118235
0.290079, 0.118538
0.291143, 0.118739
0.292206, 0.118941
0.293270, 0.119143
0.294334, 0.119345
0.295398, 0.119546
0.296461, 0.119748
0.297530, 0.120051
0.298606, 0.120253
0.299669, 0.120454
0.300732, 0.120656
0.302312, 0.121060
0.303376, 0.121261
0.304452, 0.121463
0.305526, 0.121665
0.306586, 0.121867
0.307644, 0.122069
0.308702, 0.122270
0.309759, 0.122472
0.310818, 0.122674
0.311876, 0.122876
0.312933, 0.123077
0.313992, 0.123279
0.315050, 0.123380
0.316117, 0.123582
0.317174, 0.123784
0.318231, 0.123885
0.319288, 0.124086
0.320345, 0.124187
0.321404, 0.124389
0.322461, 0.124490
0.323519, 0.124591
0.324576, 0.124792
0.325634, 0.124893
0.326697, 0.124994
0.327758, 0.125196
0.328815, 0.125297
0.329872, 0.125398
0.330929, 0.125499
0.331985, 0.125600
0.333046, 0.125700
0.334115, 0.125801
0.335187, 0.125902
0.336247, 0.126003
0.337306, 0.126205
0.338364, 0.126306
0.339421, 0.126407
0.340479, 0.126508
0.341537, 0.126608
0.342594, 0.126709
0.343652, 0.126810
0.344709, 0.126911
0.345767, 0.126911
0.346826, 0.127012
0.347885, 0.127113
0.348914, 0.127113
0.349985, 0.127214
0.351057, 0.127214
0.352136, 0.127315
0.353195, 0.127315
0.354275, 0.127315
0.355335, 0.127416
0.356397, 0.127416
0.357478, 0.127416
0.358561, 0.127416
0.359642, 0.127516
0.360723, 0.127516
0.361804, 0.127516
0.362886, 0.127516
0.363967, 0.127617
0.365051, 0.127617
0.366134, 0.127617
0.367216, 0.127617
0.368299, 0.127718
0.369383, 0.127718
0.370461, 0.127718
0.371542, 0.127718
0.372604, 0.127718
0.373685, 0.127718
0.374767, 0.127718
0.375849, 0.127718
0.376918, 0.127718
0.378002, 0.127718
0.379083, 0.127718
0.380161, 0.127718
0.381243, 0.127718
0.382325, 0.127718
0.383406, 0.127617
0.384488, 0.127617
0.385570, 0.127617
0.386651, 0.127617
0.387733, 0.127617
0.388807, 0.127617
0.389887, 0.127516
0.390969, 0.127516
0.392051, 0.127516
0.393132, 0.127516
0.394214, 0.127516
0.395296, 0.127516
0.396377, 0.127516
0.397459, 0.127516
0.398541, 0.127516
0.399622, 0.127516
0.400699, 0.127516
0.401783, 0.127516
0.402864, 0.127617
0.403946, 0.127617
0.405028, 0.127617
0.406109, 0.127617
0.407186, 0.127617
0.408267, 0.127617
0.409349, 0.127617
0.410408, 0.127617
0.411490, 0.127516
0.412572, 0.127516
0.413636, 0.127516
0.414720, 0.127516
0.415802, 0.127516
0.416883, 0.127516
0.417965, 0.127516
0.419047, 0.127516
0.420128, 0.127516
0.421211, 0.127516
0.422293, 0.127516
0.423374, 0.127516
0.424457, 0.127516
0.425518, 0.127617
0.426580, 0.127617
0.427638, 0.127617
0.428695, 0.127617
0.429754, 0.127617
0.430810, 0.127617
0.431867, 0.127617
0.432924, 0.127617
0.433995, 0.127617
0.435085, 0.127617
0.436148, 0.127617
0.437208, 0.127617
0.438265, 0.127617
0.439321, 0.127617
0.440378, 0.127617
0.441434, 0.127617
0.442490, 0.127617
0.443547, 0.127617
0.444604, 0.127516
0.445660, 0.127516
0.446717, 0.127516
0.447775, 0.127516
0.448832, 0.127516
0.449904, 0.127516
0.450963, 0.127516
0.452021, 0.127516
0.453080, 0.127516
0.454137, 0.127516
0.455194, 0.127516
0.456251, 0.127516
0.457308, 0.127617
0.458365, 0.127617
0.459422, 0.127617
0.460510, 0.127617
0.461567, 0.127617
0.462624, 0.127617
0.463680, 0.127617
0.464735, 0.127617
0.465792, 0.127617
0.466849, 0.127617
0.467905, 0.127617
0.468961, 0.127617
0.470016, 0.127617
0.471072, 0.127617
0.472127, 0.127516
0.473183, 0.127516
0.474258, 0.127516
0.475331, 0.127516
0.476404, 0.127516
0.477485, 0.127516
0.478567, 0.127516
0.479649, 0.127516
0.480731, 0.127516
0.481794, 0.127516
0.482871, 0.127516
0.483953, 0.127516
0.485035, 0.127516
0.486113, 0.127516
0.487194, 0.127617
0.488275, 0.127617
0.489351, 0.127617
0.490431, 0.127617
0.491511, 0.127617
0.492593, 0.127617
0.493667, 0.127617
0.494745, 0.127617
0.495827, 0.127617
0.496915, 0.127617
0.497996, 0.127617
0.499077, 0.127617
0.500137, 0.127617
0.501213, 0.127617
0.502293, 0.127617
0.503374, 0.127617
0.504457, 0.127617
0.505538, 0.127617
0.506619, 0.127617
0.507696, 0.127617
0.508777, 0.127617
0.509859, 0.127617
0.510921, 0.127617
0.511984, 0.127617
0.513047, 0.127617
0.514107, 0.127617
0.515163, 0.127617
0.516220, 0.127617
0.517278, 0.127617
0.518335, 0.127617
0.519392, 0.127617
0.520448, 0.127516
0.521508, 0.127516
0.522565, 0.127516
0.523621, 0.127516
0.524677, 0.127516
0.525735, 0.127516
0.526795, 0.127516
0.527853, 0.127516
0.528898, 0.127516
0.529952, 0.127516
0.531007, 0.127516
0.532062, 0.127516
0.533079, 0.127516
0.534143, 0.127516
0.535206, 0.127516
0.536282, 0.127516
0.537357, 0.127516
0.538429, 0.127516
0.539502, 0.127617
0.540582, 0.127617
0.541655, 0.127617
0.542733, 0.127617
0.543815, 0.127617
0.544901, 0.127617
0.545982, 0.127617
0.547057, 0.127617
0.548138, 0.127617
0.549213, 0.127617
0.550295, 0.127617
0.551375, 0.127617
0.552455, 0.127617
0.553529, 0.127617
0.554608, 0.127617
0.555690, 0.127617
0.556771, 0.127617
0.557852, 0.127617
0.558933, 0.127617
0.560014, 0.127516
0.561090, 0.127516
0.562172, 0.127516
0.563248, 0.127516
0.564330, 0.127516
0.565412, 0.127516
0.566495, 0.127516
0.567577, 0.127516
0.568659, 0.127516
0.569743, 0.127516
0.570825, 0.127516
0.571907, 0.127516
0.572969, 0.127516
0.574052, 0.127516
0.575133, 0.127516
0.576216, 0.127516
0.577299, 0.127516
0.578381, 0.127516
0.579463, 0.127516
0.580546, 0.127516
0.581628, 0.127516
0.582710, 0.127516
0.583791, 0.127516
0.584873, 0.127516
0.585956, 0.127516
0.587038, 0.127516
0.588120, 0.127516
0.589202, 0.127516
0.590284, 0.127516
0.591365, 0.127516
0.592448, 0.127516
0.593531, 0.127516
0.594612, 0.127516
0.595694, 0.127516
0.596776, 0.127516
0.597859, 0.127516
0.598942, 0.127516
0.600017, 0.127516
0.601100, 0.127516
0.602183, 0.127516
0.603265, 0.127516
0.604346, 0.127516
0.605428, 0.127516
0.606509, 0.127516
0.607590, 0.127516
0.608673, 0.127516
0.609755, 0.127516
0.610815, 0.127516
0.611873, 0.127516
0.612907, 0.127617
0.613965, 0.127617
0.615021, 0.127617
0.616077, 0.127617
0.617133, 0.127617
0.618189, 0.127617
0.619245, 0.127617
0.620300, 0.127617
0.621356, 0.127617
0.622413, 0.127617
0.623469, 0.127617
0.624525, 0.127617
0.625582, 0.127617
0.626640, 0.127516
0.627697, 0.127516
0.628752, 0.127516
0.629808, 0.127516
0.630863, 0.127516
0.631919, 0.127516
0.632974, 0.127516
0.634030, 0.127516
0.635088, 0.127516
0.636147, 0.127516
0.637207, 0.127516
0.638265, 0.127516
0.639322, 0.127516
0.640379, 0.127516
0.641437, 0.127516
0.642495, 0.127516
0.643553, 0.127516
0.644610, 0.127516
0.645668, 0.127516
0.646725, 0.127516
0.647783, 0.127516
0.648841, 0.127516
0.649899, 0.127516
0.650956, 0.127516
0.652013, 0.127516
0.653070, 0.127516
0.654128, 0.127516
0.655185, 0.127516
0.656241, 0.127516
0.657298, 0.127516
0.658355, 0.127516
0.659412, 0.127516
0.660469, 0.127516
0.661527, 0.127516
0.662584, 0.127516
0.663641, 0.127516
0.664699, 0.127516
0.665756, 0.127516
0.666813, 0.127516
0.667870, 0.127516
0.668927, 0.127516
0.669984, 0.127516
0.671041, 0.127516
0.672098, 0.127516
0.673155, 0.127516
0.674213, 0.127516
0.675271, 0.127516
0.676328, 0.127516
0.677385, 0.127516
0.678442, 0.127516
0.679499, 0.127516
0.680556, 0.127516
0.681614, 0.127516
0.682671, 0.127516
0.683728, 0.127516
0.684785, 0.127516
0.685843, 0.127516
0.686900, 0.127516
0.687957, 0.127516
0.689015, 0.127516
0.690111, 0.127516
0.691168, 0.127516
0.692225, 0.127516
0.693282, 0.127516
0.694340, 0.127516
0.695397, 0.127516
0.696454, 0.127516
0.697511, 0.127516
0.698568, 0.127516
0.699626, 0.127516
0.700683, 0.127516
0.701742, 0.127516
0.702799, 0.127516
0.703856, 0.127516
0.704913, 0.127516
0.705970, 0.127516
0.707028, 0.127516
0.708085, 0.127516
0.709142, 0.127516
0.710200, 0.127516
0.711260, 0.127516
0.712316, 0.127516
0.713376, 0.127516
0.714436, 0.127516
0.715493, 0.127516
0.716550, 0.127516
0.717607, 0.127516
0.718665, 0.127516
0.719722, 0.127516
0.720779, 0.127516
0.721836, 0.127516
0.722893, 0.127516
0.723951, 0.127516
0.725008, 0.127516
0.726066, 0.127516
0.727124, 0.127516
0.728184, 0.127516
0.729245, 0.127516
0.730302, 0.127516
0.731359, 0.127516
0.732416, 0.127516
0.733476, 0.127516
0.734535, 0.127516
0.735593, 0.127516
0.736649, 0.127516
0.737706, 0.127516
0.738763, 0.127516
0.739819, 0.127516
0.740876, 0.127516
0.741933, 0.127516
0.742990, 0.127516
0.744066, 0.127516
0.745124, 0.127516
0.746180, 0.127516
0.747238, 0.127516
0.748295, 0.127516
0.749352, 0.127516
0.750409, 0.127516
0.751465, 0.127516
0.752522, 0.127516
0.753579, 0.127516
0.754653, 0.127516
0.755710, 0.127516
0.756767, 0.127516
0.757823, 0.127516
0.758880, 0.127516
0.759936, 0.127516
0.760996, 0.127516
0.762059, 0.127516
0.763117, 0.127516
0.764174, 0.127516
0.765232, 0.127516
0.766289, 0.127516
0.767346, 0.127516
0.768402, 0.127516
0.769459, 0.127516
0.770516, 0.127516
0.771573, 0.127516
0.772630, 0.127516
0.773687, 0.127516
0.774743, 0.127516
0.775801, 0.127516
0.776858, 0.127516
0.777916, 0.127516
0.778973, 0.127516
0.780030, 0.127516
0.781088, 0.127516
0.782144, 0.127516
0.783202, 0.127516
0.784260, 0.127516
0.785317, 0.127516
0.786375, 0.127516
0.787432, 0.127516
0.788488, 0.127516
0.789546, 0.127516
0.790603, 0.127516
0.791660, 0.127516
0.792717, 0.127516
0.793774, 0.127516
0.794831, 0.127516
0.795888, 0.127516
0.796945, 0.127516
0.798001, 0.127516
0.799057, 0.127516
0.800114, 0.127516
0.801172, 0.127516
0.802229, 0.127516
0.803286, 0.127516
0.804342, 0.127516
0.805398, 0.127516
0.806455, 0.127516
0.807513, 0.127516
0.808569, 0.127516
0.809625, 0.127516
0.810682, 0.127516
0.811738, 0.127516
0.812794, 0.127516
0.813850, 0.127516
0.814907, 0.127516
0.815964, 0.127516
0.817020, 0.127516
0.818077, 0.127516
0.819133, 0.127516
0.820190, 0.127516
0.821247, 0.127516
0.822303, 0.127516
0.823358, 0.127516
0.824415, 0.127516
0.825472, 0.127516
0.826533, 0.127516
0.827596, 0.127516
0.828656, 0.127516
0.829713, 0.127516
0.830770, 0.127516
0.831826, 0.127516
0.832883, 0.127516
0.833940, 0.127516
0.835000, 0.127516
0.836058, 0.127516
0.837115, 0.127516
0.838172, 0.127516
0.839229, 0.127516
0.840287, 0.127516
0.841345, 0.127516
0.842402, 0.127516
0.843459, 0.127516
0.844515, 0.127516
0.845573, 0.127516
0.846631, 0.127516
0.847688, 0.127516
0.848743, 0.127516
0.849825, 0.127516
0.850907, 0.127516
0.851985, 0.127516
0.853067, 0.127516
0.854149, 0.127516
0.855232, 0.127516
0.856314, 0.127516
0.857391, 0.127516
0.858473, 0.127516
0.859555, 0.127516
0.860637, 0.127516
0.861719, 0.127516
0.862800, 0.127516
0.863860, 0.127516
0.864921, 0.127516
0.865983, 0.127516
0.867042, 0.127516
0.868100, 0.127516
0.869157, 0.127516
0.870213, 0.127516
0.871270, 0.127516
0.872326, 0.127516
0.873383, 0.127516
0.874441, 0.127516
0.875498, 0.127516
0.876557, 0.127516
0.877614, 0.127516
0.878671, 0.127516
0.879727, 0.127516
0.880785, 0.127516
0.881843, 0.127516
0.882899, 0.127516
0.883955, 0.127516
0.885012, 0.127516
0.886069, 0.127516
0.887125, 0.127516
0.888182, 0.127516
0.889240, 0.127516
0.890297, 0.127516
0.891353, 0.127516
0.892412, 0.127516
0.000000, 0.477793
0.001075, 0.477692
0.002131, 0.477288
0.003188, 0.476481
0.004245, 0.475573
0.005301, 0.474565
0.006357, 0.473152
0.007413, 0.471639
0.008469, 0.470226
0.009525, 0.468612
0.010585, 0.466595
0.011644, 0.464072
0.012702, 0.461248
0.013763, 0.458019
0.014828, 0.454690
0.015886, 0.451663
0.016943, 0.449141
0.018000, 0.446014
0.019056, 0.442987
0.020111, 0.440062
0.021166, 0.437237
0.022225, 0.434109
0.023285, 0.431284
0.024343, 0.428157
0.025398, 0.424929
0.026457, 0.422003
0.027517, 0.419077
0.028574, 0.416353
0.029636, 0.413730
0.030700, 0.410704
0.031761, 0.407576
0.032818, 0.404449
0.033875, 0.401422
0.034932, 0.397992
0.035989, 0.395167
0.037045, 0.391939
0.038102, 0.388912
0.039160, 0.385684
0.040217, 0.382556
0.041274, 0.379631
0.042332, 0.376302
0.043390, 0.373073
0.044447, 0.369845
0.045503, 0.366818
0.046561, 0.363792
0.047619, 0.361169
0.048676, 0.358344
0.049733, 0.355620
0.050790, 0.353098
0.051847, 0.350273
0.052903, 0.347448
0.053960, 0.344926
0.055017, 0.342303
0.056074, 0.339680
0.057133, 0.337259
0.058191, 0.334736
0.059248, 0.332315
0.060305, 0.329995
0.061362, 0.327473
0.062418, 0.324850
0.063476, 0.322227
0.064532, 0.319503
0.065589, 0.316880
0.066647, 0.314559
0.067704, 0.311734
0.068762, 0.309212
0.069818, 0.306892
0.070875, 0.304471
0.071932, 0.301747
0.072989, 0.299124
0.074046, 0.296198
0.075103, 0.293878
0.076160, 0.291154
0.077217, 0.288632
0.078274, 0.286109
0.079331, 0.283587
0.080388, 0.281065
0.081444, 0.278946
0.082501, 0.276727
0.083558, 0.274407
0.084614, 0.272187
0.085671, 0.269867
0.086728, 0.267546
0.087784, 0.265529
0.088842, 0.263309
0.089899, 0.261190
0.090956, 0.259072
0.092021, 0.257054
0.093078, 0.254936
0.094134, 0.253120
0.095191, 0.250900
0.096248, 0.248681
0.097304, 0.246461
0.098360, 0.244343
0.099419, 0.242123
0.100475, 0.240307
0.101533, 0.238188
0.102590, 0.235969
0.103647, 0.233749
0.104704, 0.231530
0.105761, 0.229411
0.106817, 0.227595
0.107874, 0.225477
0.108930, 0.223459
0.109988, 0.221340
0.111045, 0.219625
0.112101, 0.217608
0.113158, 0.215590
0.114214, 0.213673
0.115271, 0.211655
0.116328, 0.209739
0.117384, 0.208225
0.118441, 0.206409
0.119498, 0.204795
0.120556, 0.203181
0.121612, 0.201466
0.122668, 0.199650
0.123725, 0.198238
0.124782, 0.196523
0.125841, 0.194807
0.126903, 0.193092
0.127961, 0.191377
0.129022, 0.189662
0.130082, 0.188149
0.131143, 0.186434
0.132200, 0.184719
0.133257, 0.183004
0.134314, 0.181390
0.135372, 0.179977
0.136430, 0.178262
0.137487, 0.176951
0.138544, 0.175336
0.139601, 0.173722
0.140658, 0.172108
0.141715, 0.170595
0.142771, 0.169182
0.143828, 0.167669
0.144887, 0.166257
0.145948, 0.164844
0.147005, 0.163533
0.148062, 0.162322
0.149119, 0.161011
0.150176, 0.159800
0.151233, 0.158488
0.152292, 0.157278
0.153349, 0.156067
0.154406, 0.155058
0.155463, 0.153848
0.156520, 0.152637
0.157577, 0.151426
0.158634, 0.150216
0.159691, 0.149005
0.160747, 0.148097
0.161804, 0.146887
0.162862, 0.145777
0.163922, 0.144566
0.164980, 0.143456
0.166037, 0.142347
0.167095, 0.141338
0.168151, 0.140127
0.169208, 0.139017
0.170265, 0.137908
0.171322, 0.136899
0.172378, 0.135991
0.173436, 0.134982
0.174493, 0.134074
0.175549, 0.133166
0.176606, 0.132359
0.177662, 0.131754
0.178719, 0.130947
0.179776, 0.130039
0.180832, 0.129433
0.181888, 0.128727
0.182945, 0.128021
0.184002, 0.127315
0.185059, 0.126608
0.186124, 0.126003
0.187181, 0.125297
0.188237, 0.124792
0.189294, 0.124086
0.190351, 0.123481
0.191408, 0.122876
0.192464, 0.122270
0.193520, 0.121766
0.194578, 0.121161
0.195635, 0.120555
0.196691, 0.119950
0.197748, 0.119446
0.198804, 0.118941
0.199861, 0.118437
0.200918, 0.117932
0.201974, 0.117529
0.203031, 0.117125
0.204088, 0.116722
0.205145, 0.116318
0.206202, 0.116116
0.207259, 0.115814
0.208315, 0.115511
0.209372, 0.115309
0.210429, 0.115007
0.211486, 0.114805
0.212543, 0.114603
0.213599, 0.114502
0.214655, 0.114300
0.215714, 0.114099
0.216770, 0.113998
0.217827, 0.113897
0.218884, 0.113796
0.219940, 0.113695
0.220997, 0.113695
0.222054, 0.113594
0.223110, 0.113594
0.224167, 0.113493
0.225223, 0.113493
0.226283, 0.113493
0.227346, 0.113493
0.228446, 0.113493
0.229505, 0.113493
0.230565, 0.113594
0.231625, 0.113594
0.232682, 0.113695
0.233739, 0.113796
0.234797, 0.113897
0.235853, 0.113998
0.236911, 0.114099
0.237968, 0.114300
0.239025, 0.114502
0.240082, 0.114704
0.241139, 0.114906
0.242196, 0.115107
0.243254, 0.115309
0.244310, 0.115511
0.245367, 0.115612
0.246424, 0.115915
0.247482, 0.116116
0.248539, 0.116318
0.249595, 0.116520
0.250651, 0.116722
0.251708, 0.116923
0.252764, 0.117125
0.253821, 0.117327
0.254878, 0.117630
0.255934, 0.117831
0.256991, 0.118033
0.258048, 0.118235
0.259105, 0.118437
0.260162, 0.118638
0.261218, 0.118840
0.262275, 0.119042
0.263335, 0.119244
0.264392, 0.119446
0.265448, 0.119647
0.266505, 0.119849
0.267562, 0.120152
0.268619, 0.120354
0.269676, 0.120555
0.270732, 0.120858
0.271789, 0.121060
0.272845, 0.121362
0.273902, 0.121564
0.274959, 0.121766
0.276015, 0.122069
0.277072, 0.122270
0.278129, 0.122573
0.279186, 0.122775
0.280243, 0.122977
0.281299, 0.123279
0.282356, 0.123481
0.283413, 0.123683
0.284469, 0.123885
0.285526, 0.124086
0.286582, 0.124389
0.287639, 0.124591
0.288696, 0.124792
0.289754, 0.124994
0.290811, 0.125196
0.291867, 0.125297
0.292923, 0.125499
0.293980, 0.125700
0.295037, 0.125902
0.296094, 0.126104
0.297150, 0.126306
0.298207, 0.126407
0.299263, 0.126608
0.300322, 0.126810
0.301379, 0.127012
0.302436, 0.127214
0.303493, 0.127416
0.304552, 0.127617
0.305609, 0.127819
0.306666, 0.127920
0.307723, 0.128122
0.308779, 0.128324
0.309835, 0.128525
0.310894, 0.128626
0.311950, 0.128828
0.313007, 0.129030
0.314064, 0.129131
0.315120, 0.129332
0.316177, 0.129433
0.317233, 0.129534
0.318290, 0.129736
0.319346, 0.129837
0.320403, 0.129938
0.321459, 0.130039
0.322516, 0.130139
0.323573, 0.130341
0.324630, 0.130442
0.325690, 0.130543
0.326750, 0.130644
0.327806, 0.130745
0.328861, 0.130846
0.329917, 0.130947
0.330974, 0.131148
0.332030, 0.131249
0.333090, 0.131350
0.334149, 0.131451
0.335206, 0.131552
0.336262, 0.131653
0.337319, 0.131754
0.338375, 0.131855
0.339432, 0.131855
0.340488, 0.131955
0.341545, 0.132056
0.342601, 0.132157
0.343657, 0.132258
0.344713, 0.132359
0.345768, 0.132359
0.346828, 0.132460
0.347884, 0.132561
0.348940, 0.132561
0.349996, 0.132662
0.351052, 0.132662
0.352107, 0.132762
0.353163, 0.132762
0.354218, 0.132863
0.355275, 0.132863
0.356332, 0.132964
0.357389, 0.132964
0.358445, 0.133065
0.359501, 0.133065
0.360556, 0.133166
0.361612, 0.133166
0.362667, 0.133267
0.363724, 0.133267
0.364780, 0.133267
0.365836, 0.133368
0.366892, 0.133368
0.367948, 0.133469
0.369004, 0.133469
0.370060, 0.133570
0.371115, 0.133570
0.372172, 0.133570
0.373229, 0.133670
0.374285, 0.133670
0.375341, 0.133670
0.376397, 0.133771
0.377452, 0.133771
0.378508, 0.133771
0.379564, 0.133771
0.380619, 0.133771
0.381675, 0.133771
0.382731, 0.133771
0.383786, 0.133771
0.384841, 0.133771
0.385897, 0.133771
0.386953, 0.133771
0.388008, 0.133771
0.389064, 0.133771
0.390119, 0.133771
0.391175, 0.133771
0.392230, 0.133771
0.393286, 0.133771
0.394341, 0.133771
0.395398, 0.133771
0.396455, 0.133771
0.397511, 0.133771
0.398567, 0.133771
0.399622, 0.133771
0.400679, 0.133771
0.401735, 0.133771
0.402790, 0.133771
0.403847, 0.133771
0.404905, 0.133771
0.405961, 0.133771
0.407018, 0.133771
0.408076, 0.133771
0.409134, 0.133771
0.410194, 0.133771
0.411252, 0.133771
0.412308, 0.133771
0.413364, 0.133670
0.414419, 0.133670
0.415496, 0.133670
0.416555, 0.133670
0.417612, 0.133670
0.418668, 0.133670
0.419724, 0.133670
0.420780, 0.133670
0.421834, 0.133670
0.422890, 0.133670
0.423946, 0.133670
0.425003, 0.133670
0.426062, 0.133670
0.427124, 0.133670
0.428196, 0.133670
0.429256, 0.133670
0.430316, 0.133771
0.431374, 0.133771
0.432431, 0.133771
0.433489, 0.133771
0.434546, 0.133771
0.435603, 0.133771
0.436660, 0.133771
0.437717, 0.133771
0.438774, 0.133771
0.439830, 0.133771
0.440886, 0.133771
0.441943, 0.133771
0.443002, 0.133771
0.444059, 0.133771
0.445115, 0.133771
0.446172, 0.133670
0.447228, 0.133670
0.448285, 0.133670
0.449342, 0.133670
0.450398, 0.133670
0.451455, 0.133670
0.452512, 0.133670
0.453568, 0.133670
0.454625, 0.133670
0.455681, 0.133670
0.456776, 0.133771
0.457834, 0.133771
0.458891, 0.133771
0.459950, 0.133771
0.461006, 0.133771
0.462063, 0.133771
0.463120, 0.133771
0.464177, 0.133771
0.465234, 0.133771
0.466290, 0.133771
0.467347, 0.133771
0.468404, 0.133771
0.469461, 0.133771
0.470519, 0.133771
0.471576, 0.133771
0.472632, 0.133670
0.473689, 0.133670
0.474745, 0.133670
0.475802, 0.133670
0.476859, 0.133670
0.477915, 0.133670
0.478972, 0.133670
0.480028, 0.133670
0.481085, 0.133670
0.482142, 0.133670
0.483198, 0.133670
0.484255, 0.133670
0.485311, 0.133771
0.486367, 0.133771
0.487424, 0.133771
0.488481, 0.133771
0.489538, 0.133771
0.490594, 0.133771
0.491652, 0.133771
0.492709, 0.133771
0.493766, 0.133771
0.494822, 0.133771
0.495879, 0.133771
0.496935, 0.133771
0.497992, 0.133771
0.499049, 0.133771
0.500105, 0.133771
0.501162, 0.133771
0.502220, 0.133771
0.503278, 0.133771
0.504334, 0.133771
0.505391, 0.133771
0.506447, 0.133771
0.507505, 0.133771
0.508561, 0.133771
0.509618, 0.133771
0.510674, 0.133771
0.511731, 0.133771
0.512789, 0.133771
0.513846, 0.133771
0.514903, 0.133771
0.515959, 0.133771
0.517016, 0.133771
0.518073, 0.133771
0.519130, 0.133771
0.520187, 0.133771
0.521244, 0.133771
0.522300, 0.133670
0.523358, 0.133670
0.524422, 0.133670
0.525479, 0.133670
0.526536, 0.133670
0.527596, 0.133670
0.528655, 0.133670
0.529714, 0.133670
0.530773, 0.133670
0.531830, 0.133670
0.532886, 0.133670
0.533943, 0.133670
0.535002, 0.133670
0.536062, 0.133670
0.537116, 0.133771
0.538170, 0.133771
0.539226, 0.133771
0.540280, 0.133771
0.541335, 0.133771
0.542390, 0.133771
0.543447, 0.133771
0.544503, 0.133771
0.545560, 0.133771
0.546617, 0.133771
0.547672, 0.133771
0.548728, 0.133771
0.549783, 0.133771
0.550838, 0.133771
0.551893, 0.133771
0.552949, 0.133771
0.554004, 0.133771
0.555059, 0.133771
0.556091, 0.133771
0.557151, 0.133771
0.558208, 0.133771
0.559265, 0.133771
0.560323, 0.133670
0.561380, 0.133670
0.562436, 0.133670
0.563494, 0.133670
0.564550, 0.133670
0.565607, 0.133670
0.566664, 0.133670
0.567722, 0.133670
0.568779, 0.133670
0.569836, 0.133670
0.570893, 0.133670
0.571950, 0.133670
0.573007, 0.133670
0.574064, 0.133670
0.575121, 0.133670
0.576178, 0.133670
0.577233, 0.133670
0.578290, 0.133670
0.579348, 0.133670
0.580405, 0.133670
0.581461, 0.133670
0.582518, 0.133670
0.583575, 0.133670
0.584632, 0.133670
0.585689, 0.133670
0.586745, 0.133670
0.587802, 0.133670
0.588860, 0.133670
0.589926, 0.133670
0.590983, 0.133670
0.592039, 0.133670
0.593096, 0.133670
0.594153, 0.133670
0.595210, 0.133670
0.596267, 0.133670
0.597324, 0.133670
0.598381, 0.133670
0.599439, 0.133670
0.600496, 0.133670
0.601553, 0.133670
0.602610, 0.133670
0.603667, 0.133670
0.604724, 0.133670
0.605781, 0.133670
0.606838, 0.133771
0.607895, 0.133771
0.608952, 0.133771
0.610010, 0.133771
0.611067, 0.133771
0.612124, 0.133771
0.613181, 0.133771
0.614238, 0.133771
0.615295, 0.133771
0.616352, 0.133771
0.617409, 0.133771
0.618466, 0.133771
0.619523, 0.133771
0.620581, 0.133771
0.621637, 0.133771
0.622694, 0.133771
0.623751, 0.133771
0.624808, 0.133771
0.625867, 0.133670
0.626928, 0.133670
0.627985, 0.133670
0.629044, 0.133670
0.630103, 0.133670
0.631166, 0.133670
0.632226, 0.133670
0.633283, 0.133670
0.634340, 0.133670
0.635397, 0.133670
0.636453, 0.133670
0.637509, 0.133670
0.638566, 0.133670
0.639624, 0.133670
0.640682, 0.133670
0.641738, 0.133670
0.642795, 0.133670
0.643854, 0.133670
0.644912, 0.133670
0.645970, 0.133670
0.647042, 0.133670
0.648099, 0.133670
0.649156, 0.133771
0.650213, 0.133771
0.651270, 0.133771
0.652328, 0.133771
0.653384, 0.133771
0.654441, 0.133771
0.655498, 0.133771
0.656571, 0.133771
0.657629, 0.133771
0.658687, 0.133771
0.659745, 0.133771
0.660802, 0.133771
0.661859, 0.133771
0.662916, 0.133771
0.663973, 0.133670
0.665031, 0.133670
0.666104, 0.133670
0.667162, 0.133670
0.668220, 0.133670
0.669276, 0.133670
0.670334, 0.133670
0.671391, 0.133670
0.672449, 0.133670
0.673506, 0.133670
0.674561, 0.133670
0.675617, 0.133670
0.676672, 0.133670
0.677727, 0.133670
0.678782, 0.133670
0.679839, 0.133670
0.680894, 0.133670
0.681949, 0.133670
0.683005, 0.133670
0.684089, 0.133670
0.685144, 0.133670
0.686200, 0.133670
0.687256, 0.133670
0.688311, 0.133670
0.689365, 0.133670
0.690421, 0.133670
0.691476, 0.133670
0.692532, 0.133670
0.693587, 0.133670
0.694643, 0.133670
0.695698, 0.133670
0.696754, 0.133670
0.697809, 0.133670
0.698864, 0.133670
0.699919, 0.133670
0.700975, 0.133670
0.702031, 0.133670
0.703086, 0.133670
0.704142, 0.133670
0.705197, 0.133670
0.706252, 0.133670
0.707309, 0.133670
0.708364, 0.133670
0.709420, 0.133670
0.710476, 0.133670
0.711532, 0.133670
0.712587, 0.133670
0.713643, 0.133670
0.714699, 0.133670
0.715754, 0.133670
0.716810, 0.133670
0.717867, 0.133670
0.718923, 0.133670
0.719979, 0.133670
0.721035, 0.133670
0.722090, 0.133670
0.723145, 0.133670
0.724201, 0.133670
0.725246, 0.133670
0.726308, 0.133670
0.727371, 0.133670
0.728428, 0.133670
0.729486, 0.133670
0.730546, 0.133670
0.731606, 0.133670
0.732663, 0.133670
0.733720, 0.133670
0.734778, 0.133670
0.735835, 0.133670
0.736892, 0.133670
0.737948, 0.133670
0.739006, 0.133670
0.740062, 0.133670
0.741119, 0.133670
0.742176, 0.133670
0.743234, 0.133670
0.744290, 0.133670
0.745348, 0.133670
0.746406, 0.133670
0.747470, 0.133670
0.748525, 0.133670
0.749579, 0.133670
0.750634, 0.133670
0.751688, 0.133670
0.752745, 0.133670
0.753799, 0.133670
0.754854, 0.133670
0.755908, 0.133670
0.756963, 0.133670
0.758019, 0.133670
0.759074, 0.133670
0.760132, 0.133670
0.761186, 0.133670
0.762241, 0.133670
0.763295, 0.133670
0.764350, 0.133670
0.765404, 0.133670
0.766458, 0.133670
0.767513, 0.133670
0.768568, 0.133670
0.769623, 0.133670
0.770677, 0.133670
0.771732, 0.133670
0.772786, 0.133670
0.773840, 0.133670
0.774898, 0.133670
0.775953, 0.133670
0.777007, 0.133670
0.778061, 0.133670
0.779116, 0.133670
0.780171, 0.133670
0.781225, 0.133670
0.782279, 0.133670
0.783335, 0.133670
0.784391, 0.133670
0.785447, 0.133670
0.786502, 0.133670
0.787557, 0.133670
0.788612, 0.133670
0.789667, 0.133670
0.790724, 0.133670
0.791779, 0.133670
0.792839, 0.133670
0.793894, 0.133670
0.794949, 0.133670
0.796004, 0.133670
0.797059, 0.133670
0.798114, 0.133670
0.799169, 0.133670
0.800225, 0.133670
0.801281, 0.133670
0.802336, 0.133670
0.803391, 0.133670
0.804446, 0.133670
0.805501, 0.133670
0.806556, 0.133670
0.807612, 0.133670
0.808667, 0.133670
0.809722, 0.133670
0.810778, 0.133670
0.811835, 0.133670
0.812889, 0.133670
0.813943, 0.133670
0.814998, 0.133670
0.816052, 0.133670
0.817107, 0.133670
0.818161, 0.133670
0.819216, 0.133670
0.820270, 0.133670
0.821326, 0.133670
0.822382, 0.133670
0.823437, 0.133670
0.824492, 0.133670
0.825552, 0.133670
0.826612, 0.133670
0.827669, 0.133670
0.828727, 0.133670
0.829787, 0.133670
0.830843, 0.133670
0.831897, 0.133670
0.832952, 0.133670
0.834007, 0.133670
0.835063, 0.133670
0.836119, 0.133670
0.837174, 0.133670
0.838229, 0.133670
0.839283, 0.133670
0.840338, 0.133670
0.841393, 0.133670
0.842450, 0.133670
0.843507, 0.133670
0.844562, 0.133670
0.845617, 0.133670
0.846671, 0.133670
0.847726, 0.133670
0.848781, 0.133670
0.849835, 0.133670
0.850891, 0.133670
0.851946, 0.133670
0.853001, 0.133670
0.854055, 0.133670
0.855110, 0.133670
0.856165, 0.133670
0.857221, 0.133670
0.858277, 0.133670
0.859334, 0.133670
0.860390, 0.133670
0.861446, 0.133670
0.862501, 0.133670
0.863557, 0.133670
0.864613, 0.133670
0.865668, 0.133670
0.866723, 0.133670
0.867779, 0.133670
0.868835, 0.133670
0.869891, 0.133670
0.870947, 0.133670
0.872003, 0.133670
0.873058, 0.133670
0.874113, 0.133670
0.875170, 0.133670
0.876224, 0.133670
0.877279, 0.133670
0.878334, 0.133670
0.879390, 0.133670
0.880447, 0.133670
0.881502, 0.133670
0.882558, 0.133670
0.883613, 0.133670
0.884669, 0.133670
0.885725, 0.133670
0.886780, 0.133670
0.887835, 0.133670
0.888890, 0.133670
0.889945, 0.133670
0.891000, 0.133670
0.000000, 0.477591
0.001074, 0.477591
0.002131, 0.477087
0.003187, 0.476381
0.004243, 0.475473
0.005298, 0.474262
0.006353, 0.473051
0.007408, 0.471538
0.008463, 0.470226
0.009521, 0.468310
0.010640, 0.466292
0.011702, 0.463669
0.012761, 0.460844
0.013817, 0.457515
0.014875, 0.454690
0.015931, 0.451663
0.016988, 0.448738
0.018044, 0.445610
0.019100, 0.442584
0.020158, 0.439759
0.021213, 0.437237
0.022268, 0.434109
0.023324, 0.430982
0.024379, 0.427854
0.025438, 0.424626
0.026497, 0.422104
0.027561, 0.419178
0.028627, 0.416454
0.029689, 0.413428
0.030750, 0.410401
0.031808, 0.407274
0.032866, 0.404247
0.033929, 0.401523
0.034987, 0.398093
0.036044, 0.394764
0.037102, 0.391636
0.038159, 0.388509
0.039216, 0.385482
0.040289, 0.382758
0.041349, 0.379530
0.042407, 0.376100
0.043464, 0.372871
0.044523, 0.369744
0.045587, 0.366717
0.046654, 0.363993
0.047717, 0.361068
0.048774, 0.358344
0.049830, 0.355620
0.050886, 0.352997
0.051943, 0.350273
0.052999, 0.347448
0.054055, 0.344926
0.055117, 0.342303
0.056173, 0.339680
0.057228, 0.337158
0.058284, 0.334736
0.059346, 0.332214
0.060405, 0.329995
0.061491, 0.328683
0.062594, 0.324749
0.063656, 0.322126
0.064715, 0.319402
0.065772, 0.316779
0.066834, 0.314055
0.067894, 0.311634
0.068952, 0.309010
0.070008, 0.306488
0.071065, 0.303966
0.072121, 0.301646
0.073177, 0.298922
0.074235, 0.296097
0.075293, 0.293474
0.076349, 0.290851
0.077408, 0.288632
0.078480, 0.288026
0.079744, 0.282982
0.080810, 0.280561
0.081876, 0.278139
0.082956, 0.276122
0.084017, 0.273700
0.085077, 0.271582
0.086135, 0.269160
0.087192, 0.266840
0.088248, 0.264822
0.089304, 0.262704
0.090359, 0.260585
0.091417, 0.258467
0.092474, 0.256449
0.093529, 0.254633
0.094568, 0.252716
0.095663, 0.250194
0.096732, 0.247974
0.097801, 0.245856
0.098865, 0.243636
0.099921, 0.241719
0.100979, 0.239601
0.102037, 0.237381
0.103094, 0.235263
0.104154, 0.233043
0.105213, 0.231026
0.106268, 0.229008
0.107326, 0.226889
0.108384, 0.224871
0.109440, 0.222753
0.110497, 0.220836
0.111563, 0.219020
0.112626, 0.217002
0.113687, 0.214985
0.114745, 0.213068
0.115801, 0.211151
0.116856, 0.209234
0.117911, 0.207519
0.118966, 0.205905
0.120022, 0.204392
0.121077, 0.202677
0.122132, 0.200961
0.123187, 0.199246
0.124247, 0.197733
0.125291, 0.196018
0.126355, 0.194303
0.127416, 0.192689
0.128491, 0.192184
0.129570, 0.191983
0.130646, 0.187544
0.131714, 0.185829
0.132775, 0.184114
0.133832, 0.182398
0.134892, 0.181087
0.135949, 0.179574
0.137004, 0.177859
0.138059, 0.176345
0.139120, 0.174731
0.140177, 0.173218
0.141234, 0.171805
0.142291, 0.170292
0.143348, 0.168779
0.144411, 0.167266
0.145479, 0.165853
0.146893, 0.164138
0.147962, 0.162827
0.149021, 0.161515
0.150078, 0.160204
0.151137, 0.158993
0.152195, 0.157681
0.153251, 0.156673
0.154308, 0.155462
0.155366, 0.154251
0.156423, 0.153041
0.157481, 0.151830
0.158540, 0.150619
0.159598, 0.149610
0.160656, 0.148501
0.162556, 0.146483
0.163730, 0.145474
0.164795, 0.144163
0.165857, 0.142952
0.166914, 0.141842
0.167973, 0.140733
0.169030, 0.139522
0.170085, 0.138614
0.171141, 0.137504
0.172197, 0.136495
0.173253, 0.135486
0.174309, 0.134578
0.175365, 0.133670
0.176420, 0.132863
0.177480, 0.132157
0.178548, 0.131451
0.179619, 0.130644
0.180684, 0.129837
0.181745, 0.129131
0.182804, 0.128424
0.183860, 0.127819
0.184916, 0.127214
0.185972, 0.126508
0.187030, 0.125902
0.188087, 0.125196
0.189144, 0.124692
0.190202, 0.123985
0.191259, 0.123380
0.192316, 0.122775
0.193372, 0.122169
0.194432, 0.121564
0.196199, 0.120757
0.197271, 0.120152
0.198331, 0.119546
0.199390, 0.119042
0.200448, 0.118538
0.201505, 0.118134
0.202577, 0.117730
0.203651, 0.117327
0.204712, 0.116923
0.205770, 0.116621
0.206826, 0.116318
0.207882, 0.116015
0.208937, 0.115814
0.209992, 0.115511
0.212187, 0.115208
0.213254, 0.115007
0.214319, 0.114805
0.215377, 0.114704
0.216433, 0.114502
0.217489, 0.114401
0.218546, 0.114300
0.219602, 0.114199
0.220658, 0.114099
0.221714, 0.114099
0.222770, 0.113998
0.223827, 0.113998
0.224886, 0.113897
0.225946, 0.113897
0.227013, 0.113897
0.228089, 0.113897
0.229174, 0.113897
0.230244, 0.113998
0.231308, 0.113998
0.232414, 0.114099
0.233473, 0.114199
0.234530, 0.114300
0.235588, 0.114401
0.236645, 0.114603
0.237702, 0.114704
0.238760, 0.114906
0.239816, 0.115107
0.240874, 0.115208
0.241931, 0.115410
0.242988, 0.115612
0.244047, 0.115814
0.245121, 0.116015
0.246213, 0.116217
0.247282, 0.116419
0.248345, 0.116621
0.249403, 0.116822
0.250460, 0.117125
0.251516, 0.117327
0.252573, 0.117529
0.253630, 0.117730
0.254688, 0.117932
0.255744, 0.118235
0.256801, 0.118437
0.257859, 0.118638
0.258918, 0.118840
0.259975, 0.119042
0.261036, 0.119244
0.262103, 0.119446
0.263303, 0.119446
0.264376, 0.119849
0.265433, 0.120051
0.266488, 0.120253
0.267544, 0.120454
0.268599, 0.120757
0.269655, 0.120959
0.270711, 0.121161
0.271767, 0.121463
0.272822, 0.121665
0.273878, 0.121867
0.274937, 0.122069
0.275995, 0.122371
0.277052, 0.122573
0.278177, 0.122876
0.279268, 0.123077
0.280337, 0.123380
0.281407, 0.123582
0.282463, 0.123784
0.283521, 0.124086
0.284577, 0.124288
0.285633, 0.124490
0.286689, 0.124692
0.287744, 0.124893
0.288801, 0.125095
0.289858, 0.125297
0.290916, 0.125398
0.291975, 0.125600
0.293032, 0.125801
0.294088, 0.126003
0.295149, 0.126205
0.296218, 0.126306
0.297276, 0.126508
0.298337, 0.126709
0.299400, 0.126911
0.300458, 0.127012
0.301515, 0.127214
0.302576, 0.127416
0.303633, 0.127617
0.304690, 0.127819
0.305748, 0.127920
0.306807, 0.128122
0.307867, 0.128324
0.308929, 0.128424
0.309990, 0.128626
0.311054, 0.128828
0.313137, 0.129131
0.314204, 0.129231
0.315271, 0.129332
0.316328, 0.129534
0.317384, 0.129635
0.318444, 0.129736
0.319501, 0.129837
0.320556, 0.129938
0.321611, 0.130039
0.322667, 0.130139
0.323724, 0.130240
0.324779, 0.130341
0.325852, 0.130442
0.326914, 0.130644
0.328017, 0.130644
0.329110, 0.130846
0.330184, 0.130947
0.331247, 0.131047
0.332304, 0.131148
0.333360, 0.131249
0.334417, 0.131249
0.335474, 0.131350
0.336531, 0.131451
0.337589, 0.131552
0.338646, 0.131653
0.339702, 0.131754
0.340759, 0.131754
0.341817, 0.131855
0.342873, 0.131955
0.343934, 0.132056
0.345010, 0.132056
0.346094, 0.132157
0.347159, 0.132157
0.348221, 0.132258
0.349281, 0.132258
0.350337, 0.132359
0.351393, 0.132359
0.352450, 0.132460
0.353506, 0.132460
0.354563, 0.132460
0.355623, 0.132561
0.356680, 0.132561
0.357737, 0.132561
0.358796, 0.132561
0.359852, 0.132662
0.360911, 0.132662
0.361975, 0.132662
0.363044, 0.132762
0.364123, 0.132762
0.365195, 0.132762
0.366251, 0.132863
0.367308, 0.132863
0.368365, 0.132863
0.369423, 0.132863
0.370479, 0.132964
0.371535, 0.132964
0.372590, 0.132964
0.373646, 0.132964
0.374702, 0.132964
0.375759, 0.133065
0.376815, 0.133065
0.377889, 0.133065
0.378972, 0.133065
0.380257, 0.133065
0.381322, 0.133065
0.382379, 0.133065
0.383437, 0.133065
0.384493, 0.133065
0.385549, 0.133065
0.386605, 0.133065
0.387660, 0.132964
0.388715, 0.132964
0.389771, 0.132964
0.390827, 0.132964
0.391883, 0.132964
0.392939, 0.132964
0.393995, 0.132964
0.395057, 0.132964
0.396124, 0.133065
0.397184, 0.133065
0.398240, 0.133065
0.399296, 0.133065
0.400353, 0.133065
0.401408, 0.133065
0.402464, 0.133065
0.403521, 0.133065
0.404579, 0.133065
0.405638, 0.133065
0.406702, 0.133065
0.407766, 0.133065
0.408828, 0.133065
0.409887, 0.133065
0.410946, 0.133065
0.412015, 0.133065
0.413090, 0.133065
0.414156, 0.132964
0.415218, 0.132964
0.416276, 0.132964
0.417332, 0.132964
0.418387, 0.132964
0.419447, 0.132964
0.420505, 0.132964
0.421561, 0.132964
0.422617, 0.132964
0.423672, 0.133065
0.424729, 0.133065
0.425788, 0.133065
0.426846, 0.133065
0.427907, 0.133065
0.428978, 0.133065
0.430055, 0.133065
0.431124, 0.133065
0.432184, 0.133065
0.433243, 0.133065
0.434300, 0.133065
0.435357, 0.133065
0.436414, 0.133065
0.437471, 0.133065
0.438527, 0.133065
0.439586, 0.133065
0.440643, 0.133065
0.441701, 0.133065
0.442758, 0.133065
0.443818, 0.133065
0.444888, 0.133065
0.445964, 0.133065
0.447034, 0.133065
0.448097, 0.133065
0.449154, 0.133065
0.450210, 0.133065
0.451266, 0.133065
0.452322, 0.133065
0.453378, 0.133065
0.454434, 0.133065
0.455490, 0.133065
0.456545, 0.133065
0.457602, 0.133065
0.458658, 0.133065
0.459713, 0.133065
0.460772, 0.133065
0.461838, 0.133065
0.463106, 0.133065
0.464174, 0.133065
0.465233, 0.133065
0.466290, 0.133065
0.467348, 0.133065
0.468405, 0.133065
0.469464, 0.133065
0.470521, 0.133065
0.471579, 0.133065
0.472635, 0.133065
0.473692, 0.133065
0.474749, 0.133065
0.475807, 0.133065
0.476864, 0.133065
0.478584, 0.133065
0.479672, 0.133065
0.480743, 0.133065
0.481805, 0.133065
0.482864, 0.133065
0.483922, 0.133065
0.484979, 0.133065
0.486036, 0.133065
0.487094, 0.133065
0.488150, 0.133065
0.489207, 0.133065
0.490263, 0.133065
0.491320, 0.133065
0.492380, 0.133065
0.493437, 0.133065
0.494546, 0.133065
0.495614, 0.133065
0.496678, 0.133065
0.497739, 0.133065
0.498798, 0.133065
0.499855, 0.133065
0.500914, 0.133065
0.501972, 0.133065
0.503032, 0.133065
0.504089, 0.133065
0.505146, 0.133065
0.506203, 0.133065
0.507261, 0.133065
0.508319, 0.133065
0.509376, 0.133065
0.510435, 0.133065
0.511971, 0.133065
0.513036, 0.133065
0.514096, 0.133065
0.515153, 0.133065
0.516209, 0.133065
0.517268, 0.133065
0.518327, 0.133065
0.519383, 0.133065
0.520439, 0.133065
0.521495, 0.133065
0.522553, 0.133065
0.523609, 0.133065
0.524665, 0.133065
0.525723, 0.133065
0.526781, 0.133065
0.527842, 0.133065
0.528916, 0.133065
0.529981, 0.133065
0.531040, 0.133065
0.532102, 0.133065
0.533165, 0.133065
0.534223, 0.133065
0.535281, 0.133065
0.536338, 0.133065
0.537394, 0.133065
0.538450, 0.133065
0.539506, 0.133065
0.540565, 0.133065
0.541623, 0.133065
0.542679, 0.133065
0.543738, 0.133065
0.545752, 0.133065
0.546824, 0.133065
0.547889, 0.133065
0.548946, 0.133065
0.550002, 0.133065
0.551059, 0.133065
0.552116, 0.133065
0.553171, 0.133065
0.554226, 0.133065
0.555282, 0.133065
0.556340, 0.133065
0.557400, 0.133065
0.558458, 0.133065
0.559514, 0.133065
0.560572, 0.133065
0.561638, 0.133065
0.562710, 0.133065
0.563777, 0.133065
0.564839, 0.133065
0.565896, 0.133065
0.566951, 0.133065
0.568007, 0.133065
0.569063, 0.133065
0.570119, 0.133065
0.571175, 0.133065
0.572231, 0.133065
0.573287, 0.133065
0.574344, 0.133065
0.575405, 0.133065
0.576461, 0.133065
0.577519, 0.133065
0.578584, 0.133065
0.579655, 0.133065
0.580721, 0.133065
0.581781, 0.133065
0.582841, 0.133065
0.583897, 0.133065
0.584953, 0.133065
0.586009, 0.133065
0.587065, 0.133065
0.588120, 0.133065
0.589176, 0.133065
0.590237, 0.133065
0.591293, 0.133065
0.592350, 0.133065
0.593405, 0.133065
0.594592, 0.133065
0.595674, 0.133065
0.596740, 0.133065
0.597801, 0.133065
0.598857, 0.133065
0.599919, 0.133065
0.600976, 0.133065
0.602032, 0.133065
0.603088, 0.133065
0.604146, 0.133065
0.605202, 0.133065
0.606260, 0.133065
0.607316, 0.133065
0.608372, 0.133065
0.609427, 0.133065
0.610485, 0.133065
0.611551, 0.133065
0.612627, 0.133065
0.613696, 0.133065
0.614759, 0.133065
0.615817, 0.133065
0.616874, 0.133065
0.617932, 0.133065
0.618990, 0.133065
0.620047, 0.133065
0.621104, 0.133065
0.622161, 0.133065
0.623219, 0.133065
0.624275, 0.133065
0.625333, 0.133065
0.626391, 0.133065
0.627451, 0.133065
0.628522, 0.133065
0.629597, 0.133065
0.630681, 0.133065
0.631741, 0.133065
0.632796, 0.133065
0.633851, 0.133065
0.634906, 0.133065
0.635962, 0.133065
0.637017, 0.133065
0.638073, 0.133065
0.639135, 0.133065
0.640190, 0.133065
0.641250, 0.133065
0.642306, 0.133065
0.643361, 0.133065
0.644434, 0.133065
0.645515, 0.133065
0.646569, 0.133065
0.647639, 0.133065
0.648698, 0.133065
0.649755, 0.133065
0.650811, 0.133065
0.651868, 0.133065
0.652924, 0.133065
0.653980, 0.133065
0.655037, 0.133065
0.656094, 0.133065
0.657153, 0.133065
0.658213, 0.133065
0.659272, 0.133065
0.660330, 0.133065
0.661396, 0.133065
0.662560, 0.133065
0.663629, 0.133065
0.664693, 0.133065
0.665751, 0.133065
0.666810, 0.133065
0.667866, 0.133065
0.668923, 0.133065
0.669980, 0.133065
0.671037, 0.133065
0.672095, 0.133065
0.673152, 0.133065
0.674211, 0.133065
0.675272, 0.133065
0.676329, 0.133065
0.677387, 0.133065
0.678454, 0.133065
0.679525, 0.133065
0.680589, 0.133065
0.681649, 0.133065
0.682705, 0.133065
0.683761, 0.133065
0.684817, 0.133065
0.685871, 0.133065
0.686926, 0.133065
0.687982, 0.133065
0.689038, 0.133065
0.690094, 0.133065
0.691151, 0.133065
0.692208, 0.133065
0.693297, 0.133065
0.694368, 0.133065
0.695435, 0.133065
0.696498, 0.133065
0.697561, 0.133065
0.698621, 0.133065
0.699680, 0.133065
0.700737, 0.133065
0.701793, 0.133065
0.702850, 0.133065
0.703907, 0.133065
0.704964, 0.133065
0.706021, 0.133065
0.707079, 0.133065
0.708140, 0.133065
0.709198, 0.133065
0.710255, 0.133065
0.711316, 0.133065
0.712384, 0.133065
0.713460, 0.133065
0.714521, 0.133065
0.715583, 0.133065
0.716640, 0.133065
0.717712, 0.133065
0.718769, 0.133065
0.719826, 0.133065
0.720883, 0.133065
0.721939, 0.133065
0.722994, 0.133065
0.724051, 0.133065
0.725109, 0.133065
0.726169, 0.133065
0.727235, 0.133065
0.728309, 0.133065
0.729388, 0.133065
0.730453, 0.133065
0.731517, 0.133065
0.732574, 0.133065
0.733631, 0.133065
0.734686, 0.133065
0.735744, 0.133065
0.736801, 0.133065
0.737858, 0.133065
0.738914, 0.133065
0.739971, 0.133065
0.741029, 0.133065
0.742088, 0.133065
0.743145, 0.133065
0.744207, 0.133065
0.745281, 0.133065
0.746338, 0.133065
0.747406, 0.133065
0.748464, 0.133065
0.749524, 0.133065
0.750580, 0.133065
0.751636, 0.133065
0.752693, 0.133065
0.753748, 0.133065
0.754803, 0.133065
0.755859, 0.133065
0.756915, 0.133065
0.757975, 0.133065
0.759031, 0.133065
0.760091, 0.133065
0.761174, 0.133065
0.762270, 0.133065
0.763358, 0.133065
0.764422, 0.133065
0.765480, 0.133065
0.766540, 0.133065
0.767596, 0.133065
0.768653, 0.133065
0.769710, 0.133065
0.770768, 0.133065
0.771824, 0.133065
0.772880, 0.133065
0.773937, 0.133065
0.774995, 0.133065
0.776053, 0.133065
0.777115, 0.133065
0.778189, 0.133065
0.779260, 0.133065
0.780323, 0.133065
0.781386, 0.133065
0.782443, 0.133065
0.783498, 0.133065
0.784554, 0.133065
0.785609, 0.133065
0.786665, 0.133065
0.787720, 0.133065
0.788780, 0.133065
0.789842, 0.133065
0.790899, 0.133065
0.791956, 0.133065
0.793012, 0.133065
0.794073, 0.133065
0.795140, 0.133065
0.796205, 0.133065
0.797268, 0.133065
0.798337, 0.133065
0.799397, 0.133065
0.800467, 0.133065
0.801526, 0.133065
0.802583, 0.133065
0.803638, 0.133065
0.804696, 0.133065
0.805751, 0.133065
0.806808, 0.133065
0.807865, 0.133065
0.808920, 0.133065
0.809975, 0.133065
0.811641, 0.133065
0.812708, 0.133065
0.813768, 0.133065
0.814823, 0.133065
0.815880, 0.133065
0.816933, 0.133065
0.817988, 0.133065
0.819043, 0.133065
0.820100, 0.133065
0.821155, 0.133065
0.822215, 0.133065
0.823272, 0.133065
0.824328, 0.133065
0.825387, 0.133065
0.826452, 0.133065
0.827516, 0.133065
0.828595, 0.133065
0.829678, 0.133065
0.830747, 0.133065
0.831811, 0.133065
0.832869, 0.133065
0.833926, 0.133065
0.834982, 0.133065
0.836037, 0.133065
0.837094, 0.133065
0.838153, 0.133065
0.839209, 0.133065
0.840272, 0.133065
0.841330, 0.133065
0.842386, 0.133065
0.843442, 0.133065
0.844518, 0.133065
0.845612, 0.133065
0.846683, 0.133065
0.847756, 0.133065
0.848813, 0.133065
0.849870, 0.133065
0.850929, 0.133065
0.851985, 0.133065
0.853041, 0.133065
0.854097, 0.133065
0.855153, 0.133065
0.856211, 0.133065
0.857268, 0.133065
0.858326, 0.133065
0.859384, 0.133065
0.860440, 0.133065
0.861506, 0.133065
0.862566, 0.133065
0.863630, 0.133065
0.864691, 0.133065
0.865748, 0.133065
0.866806, 0.133065
0.867864, 0.133065
0.868921, 0.133065
0.869978, 0.133065
0.871035, 0.133065
0.872092, 0.133065
0.873148, 0.133065
0.874205, 0.133065
0.875263, 0.133065
0.876322, 0.133065
0.877384, 0.133065
0.878448, 0.133065
0.000000, 0.477793
0.001073, 0.477692
0.002133, 0.477288
0.003199, 0.476481
0.004258, 0.475573
0.005315, 0.474565
0.006372, 0.473152
0.007428, 0.471639
0.008484, 0.470327
0.009540, 0.468411
0.010599, 0.466393
0.011702, 0.463871
0.012765, 0.461046
0.013825, 0.457717
0.014883, 0.454791
0.015940, 0.451764
0.016997, 0.448738
0.018054, 0.445610
0.019112, 0.442886
0.020185, 0.439860
0.021244, 0.436934
0.022303, 0.433807
0.023361, 0.430578
0.024421, 0.427350
0.025481, 0.424122
0.026538, 0.421498
0.027595, 0.418573
0.028652, 0.415748
0.029710, 0.412721
0.030768, 0.409594
0.031825, 0.406567
0.032883, 0.403743
0.033941, 0.400615
0.034997, 0.397286
0.036055, 0.393856
0.037112, 0.390627
0.038170, 0.387500
0.039226, 0.384776
0.040299, 0.381548
0.041355, 0.378218
0.042412, 0.374889
0.043469, 0.371661
0.044526, 0.368735
0.045582, 0.365507
0.046640, 0.362379
0.047697, 0.359353
0.048754, 0.356629
0.049810, 0.354308
0.050883, 0.351484
0.051940, 0.348558
0.052997, 0.345632
0.054055, 0.343110
0.055111, 0.340487
0.056168, 0.337864
0.057225, 0.335241
0.058284, 0.332719
0.059357, 0.330499
0.060414, 0.327876
0.061471, 0.325253
0.062528, 0.322731
0.063584, 0.320007
0.064641, 0.317384
0.065698, 0.314660
0.066755, 0.312239
0.067813, 0.309616
0.068869, 0.306993
0.069926, 0.304572
0.070983, 0.301848
0.072039, 0.299527
0.073097, 0.296702
0.074153, 0.293978
0.075210, 0.291255
0.076268, 0.288632
0.077325, 0.286008
0.078384, 0.283385
0.079441, 0.280964
0.080498, 0.278543
0.081556, 0.276323
0.082613, 0.274205
0.083669, 0.271884
0.084726, 0.269564
0.085782, 0.267143
0.086839, 0.264722
0.087895, 0.262704
0.088952, 0.260585
0.090009, 0.258467
0.091066, 0.256449
0.092124, 0.254229
0.093197, 0.252413
0.094269, 0.250194
0.095343, 0.247974
0.096400, 0.245755
0.097456, 0.243636
0.098513, 0.241417
0.099571, 0.239298
0.100628, 0.237079
0.101685, 0.235162
0.102742, 0.232841
0.103799, 0.230622
0.104871, 0.228806
0.105930, 0.226385
0.106986, 0.224569
0.108043, 0.222450
0.109100, 0.220332
0.110160, 0.218314
0.111221, 0.216094
0.112285, 0.214379
0.113342, 0.212261
0.114400, 0.210344
0.115466, 0.208528
0.116522, 0.206611
0.117579, 0.204997
0.118635, 0.203282
0.119692, 0.201466
0.120749, 0.199953
0.121806, 0.198238
0.122863, 0.196422
0.123920, 0.194908
0.124977, 0.193294
0.126036, 0.191579
0.127095, 0.189864
0.128153, 0.188048
0.129210, 0.186333
0.130267, 0.184618
0.131324, 0.183105
0.132381, 0.181490
0.133437, 0.180078
0.134494, 0.178363
0.135551, 0.176850
0.136608, 0.175437
0.137664, 0.173722
0.138721, 0.172108
0.139778, 0.170494
0.140835, 0.168880
0.141891, 0.167266
0.142963, 0.165853
0.144023, 0.164542
0.145083, 0.163230
0.146139, 0.161717
0.147194, 0.160506
0.148250, 0.159195
0.149306, 0.157782
0.150361, 0.156773
0.151416, 0.155462
0.152472, 0.154251
0.153528, 0.153041
0.154582, 0.151729
0.155639, 0.150619
0.156697, 0.149510
0.157754, 0.148400
0.158811, 0.147290
0.159867, 0.146079
0.160922, 0.145071
0.161977, 0.143961
0.163033, 0.142750
0.164089, 0.141640
0.165144, 0.140430
0.166199, 0.139421
0.167254, 0.138311
0.168309, 0.137201
0.169364, 0.136092
0.170420, 0.135083
0.171476, 0.134074
0.172531, 0.133166
0.173587, 0.132359
0.174643, 0.131552
0.175698, 0.130745
0.176754, 0.129837
0.177809, 0.129131
0.178865, 0.128424
0.179920, 0.127617
0.180975, 0.126911
0.182030, 0.126205
0.183085, 0.125499
0.184140, 0.124893
0.185196, 0.124187
0.186251, 0.123582
0.187307, 0.122876
0.188362, 0.122270
0.189418, 0.121766
0.190474, 0.121161
0.191529, 0.120555
0.192584, 0.119950
0.193640, 0.119345
0.194697, 0.118941
0.195752, 0.118336
0.196807, 0.117831
0.197862, 0.117327
0.198917, 0.116923
0.199972, 0.116520
0.201028, 0.116116
0.202085, 0.115713
0.203140, 0.115410
0.204195, 0.115007
0.205251, 0.114704
0.206307, 0.114401
0.207363, 0.114099
0.208418, 0.113796
0.209473, 0.113594
0.210529, 0.113392
0.211587, 0.113191
0.212642, 0.113090
0.213698, 0.112888
0.214753, 0.112787
0.215809, 0.112686
0.216866, 0.112585
0.217921, 0.112585
0.218976, 0.112484
0.220031, 0.112484
0.221087, 0.112484
0.222143, 0.112384
0.223199, 0.112384
0.224255, 0.112384
0.225315, 0.112384
0.226378, 0.112484
0.227439, 0.112484
0.228537, 0.112484
0.229595, 0.112585
0.230653, 0.112686
0.231709, 0.112686
0.232766, 0.112787
0.233823, 0.112888
0.234880, 0.112989
0.235937, 0.113191
0.236995, 0.113291
0.238052, 0.113392
0.239109, 0.113594
0.240166, 0.113796
0.241222, 0.113998
0.242279, 0.114300
0.243337, 0.114502
0.244397, 0.114704
0.245456, 0.115007
0.246512, 0.115208
0.247571, 0.115511
0.248628, 0.115713
0.249685, 0.115915
0.250742, 0.116116
0.251799, 0.116318
0.252855, 0.116621
0.253912, 0.116822
0.254969, 0.117024
0.256026, 0.117226
0.257085, 0.117428
0.258144, 0.117630
0.259201, 0.117932
0.260258, 0.118134
0.261314, 0.118336
0.262371, 0.118538
0.263428, 0.118840
0.264485, 0.119042
0.265542, 0.119244
0.266599, 0.119546
0.267656, 0.119748
0.268713, 0.119950
0.269769, 0.120253
0.270826, 0.120454
0.271883, 0.120757
0.272939, 0.121060
0.273997, 0.121261
0.275053, 0.121564
0.276113, 0.121766
0.277172, 0.122069
0.278229, 0.122270
0.279287, 0.122573
0.280343, 0.122775
0.281400, 0.123077
0.282457, 0.123279
0.283514, 0.123582
0.284570, 0.123784
0.285627, 0.123985
0.286684, 0.124288
0.287741, 0.124490
0.288797, 0.124792
0.289855, 0.124994
0.290912, 0.125196
0.291969, 0.125398
0.293025, 0.125600
0.294082, 0.125801
0.295139, 0.126003
0.296195, 0.126205
0.297252, 0.126407
0.298309, 0.126608
0.299366, 0.126810
0.300423, 0.127012
0.301481, 0.127214
0.302538, 0.127416
0.303595, 0.127617
0.304651, 0.127819
0.305708, 0.128021
0.306765, 0.128223
0.307822, 0.128424
0.308878, 0.128626
0.309935, 0.128828
0.310992, 0.129030
0.312049, 0.129131
0.313106, 0.129332
0.314163, 0.129534
0.315219, 0.129635
0.316276, 0.129837
0.317333, 0.130039
0.318390, 0.130139
0.319446, 0.130341
0.320503, 0.130442
0.321560, 0.130644
0.322618, 0.130745
0.323675, 0.130947
0.324733, 0.131047
0.325828, 0.131148
0.326888, 0.131350
0.327944, 0.131451
0.328999, 0.131552
0.330055, 0.131653
0.331110, 0.131754
0.332166, 0.131855
0.333222, 0.132056
0.334277, 0.132157
0.335332, 0.132258
0.336388, 0.132359
0.337443, 0.132460
0.338499, 0.132561
0.339555, 0.132762
0.340610, 0.132863
0.341665, 0.132964
0.342721, 0.133065
0.343781, 0.133166
0.344844, 0.133267
0.345904, 0.133368
0.346960, 0.133469
0.348017, 0.133570
0.349073, 0.133670
0.350130, 0.133771
0.351187, 0.133872
0.352243, 0.133973
0.353300, 0.134074
0.354357, 0.134074
0.355415, 0.134175
0.356473, 0.134276
0.357531, 0.134377
0.358588, 0.134377
0.359645, 0.134478
0.360702, 0.134578
0.361759, 0.134578
0.362816, 0.134679
0.363873, 0.134780
0.364929, 0.134780
0.365986, 0.134881
0.367044, 0.134982
0.368101, 0.134982
0.369157, 0.135083
0.370215, 0.135184
0.371271, 0.135184
0.372328, 0.135285
0.373385, 0.135285
0.374442, 0.135285
0.375499, 0.135386
0.376556, 0.135386
0.377613, 0.135386
0.378670, 0.135486
0.379727, 0.135486
0.380784, 0.135486
0.381840, 0.135486
0.382897, 0.135486
0.383954, 0.135486
0.385011, 0.135486
0.386068, 0.135486
0.387125, 0.135486
0.388182, 0.135486
0.389238, 0.135486
0.390295, 0.135486
0.391351, 0.135486
0.392408, 0.135486
0.393464, 0.135486
0.394521, 0.135486
0.395578, 0.135486
0.396635, 0.135486
0.397691, 0.135486
0.398749, 0.135486
0.399806, 0.135486
0.400863, 0.135486
0.401921, 0.135486
0.402977, 0.135486
0.404034, 0.135486
0.405090, 0.135486
0.406150, 0.135486
0.407209, 0.135486
0.408266, 0.135486
0.409324, 0.135486
0.410381, 0.135386
0.411438, 0.135386
0.412495, 0.135386
0.413552, 0.135386
0.414609, 0.135386
0.415666, 0.135386
0.416723, 0.135386
0.417780, 0.135386
0.418837, 0.135386
0.419894, 0.135386
0.420951, 0.135386
0.422008, 0.135386
0.423065, 0.135386
0.424122, 0.135386
0.425179, 0.135386
0.426238, 0.135386
0.427298, 0.135386
0.428355, 0.135386
0.429412, 0.135386
0.430471, 0.135386
0.431528, 0.135386
0.432585, 0.135386
0.433642, 0.135386
0.434700, 0.135386
0.435756, 0.135386
0.436812, 0.135386
0.437868, 0.135386
0.438924, 0.135386
0.439981, 0.135386
0.441039, 0.135386
0.442096, 0.135386
0.443155, 0.135386
0.444214, 0.135386
0.445272, 0.135386
0.446331, 0.135386
0.447391, 0.135386
0.448447, 0.135386
0.449502, 0.135386
0.450558, 0.135386
0.451613, 0.135386
0.452668, 0.135386
0.453723, 0.135386
0.454778, 0.135386
0.455833, 0.135386
0.456922, 0.135386
0.457980, 0.135386
0.459036, 0.135386
0.460091, 0.135386
0.461146, 0.135386
0.462202, 0.135386
0.463257, 0.135386
0.464313, 0.135386
0.465368, 0.135386
0.466423, 0.135386
0.467478, 0.135386
0.468534, 0.135386
0.469589, 0.135386
0.470645, 0.135386
0.471700, 0.135386
0.472755, 0.135386
0.473813, 0.135386
0.474869, 0.135386
0.475923, 0.135386
0.476979, 0.135386
0.478035, 0.135386
0.479091, 0.135386
0.480146, 0.135386
0.481201, 0.135386
0.482256, 0.135386
0.483312, 0.135386
0.484368, 0.135386
0.485424, 0.135386
0.486479, 0.135386
0.487534, 0.135386
0.488589, 0.135386
0.489646, 0.135386
0.490702, 0.135386
0.491757, 0.135386
0.492812, 0.135386
0.493867, 0.135386
0.494923, 0.135386
0.495979, 0.135386
0.497034, 0.135386
0.498090, 0.135386
0.499145, 0.135386
0.500203, 0.135386
0.501259, 0.135386
0.502314, 0.135386
0.503369, 0.135386
0.504424, 0.135386
0.505480, 0.135386
0.506536, 0.135386
0.507591, 0.135386
0.508646, 0.135386
0.509702, 0.135386
0.510758, 0.135386
0.511817, 0.135386
0.512878, 0.135386
0.513909, 0.135386
0.514966, 0.135386
0.516023, 0.135386
0.517079, 0.135386
0.518136, 0.135386
0.519193, 0.135386
0.520250, 0.135386
0.521307, 0.135386
0.522364, 0.135386
0.523421, 0.135386
0.524478, 0.135386
0.525537, 0.135386
0.526596, 0.135386
0.527652, 0.135386
0.528707, 0.135386
0.529765, 0.135386
0.530821, 0.135386
0.531877, 0.135386
0.532933, 0.135386
0.533989, 0.135386
0.535048, 0.135386
0.536103, 0.135386
0.537158, 0.135386
0.538213, 0.135386
0.539268, 0.135386
0.540327, 0.135386
0.541382, 0.135386
0.542437, 0.135386
0.543495, 0.135386
0.544559, 0.135386
0.545618, 0.135386
0.546675, 0.135386
0.547732, 0.135386
0.548789, 0.135386
0.549846, 0.135386
0.550903, 0.135386
0.551960, 0.135386
0.553016, 0.135386
0.554075, 0.135386
0.555132, 0.135386
0.556190, 0.135386
0.557248, 0.135386
0.558305, 0.135386
0.559362, 0.135386
0.560419, 0.135386
0.561476, 0.135386
0.562533, 0.135386
0.563589, 0.135386
0.564646, 0.135386
0.565703, 0.135386
0.566760, 0.135386
0.567816, 0.135386
0.568873, 0.135386
0.569930, 0.135386
0.570987, 0.135386
0.572043, 0.135386
0.573099, 0.135386
0.574156, 0.135386
0.575190, 0.135386
0.576250, 0.135386
0.577309, 0.135386
0.578364, 0.135386
0.579419, 0.135386
0.580474, 0.135386
0.581529, 0.135386
0.582583, 0.135386
0.583638, 0.135386
0.584692, 0.135386
0.585747, 0.135386
0.586802, 0.135386
0.587856, 0.135386
0.588911, 0.135386
0.589966, 0.135386
0.591021, 0.135386
0.592075, 0.135386
0.593134, 0.135386
0.594197, 0.135386
0.595256, 0.135386
0.596313, 0.135386
0.597370, 0.135386
0.598427, 0.135386
0.599485, 0.135386
0.600542, 0.135386
0.601600, 0.135386
0.602657, 0.135386
0.603714, 0.135386
0.604772, 0.135386
0.605829, 0.135386
0.606885, 0.135386
0.607943, 0.135386
0.608999, 0.135386
0.610055, 0.135386
0.611115, 0.135386
0.612173, 0.135386
0.613229, 0.135386
0.614287, 0.135386
0.615345, 0.135386
0.616402, 0.135386
0.617458, 0.135386
0.618515, 0.135386
0.619572, 0.135386
0.620629, 0.135386
0.621686, 0.135386
0.622742, 0.135386
0.623799, 0.135386
0.624856, 0.135386
0.625906, 0.135386
0.626966, 0.135386
0.628023, 0.135386
0.629083, 0.135386
0.630141, 0.135386
0.631196, 0.135386
0.632251, 0.135386
0.633306, 0.135386
0.634361, 0.135386
0.635415, 0.135386
0.636469, 0.135386
0.637524, 0.135386
0.638579, 0.135386
0.639637, 0.135386
0.640691, 0.135386
0.641747, 0.135386
0.642801, 0.135386
0.643860, 0.135386
0.644929, 0.135386
0.645985, 0.135386
0.647040, 0.135386
0.648095, 0.135386
0.649150, 0.135386
0.650206, 0.135386
0.651261, 0.135386
0.652317, 0.135386
0.653372, 0.135386
0.654427, 0.135386
0.655482, 0.135386
0.656539, 0.135386
0.657595, 0.135386
0.658650, 0.135386
0.659705, 0.135386
0.660759, 0.135386
0.661814, 0.135386
0.662869, 0.135386
0.663924, 0.135386
0.664983, 0.135386
0.666038, 0.135386
0.667092, 0.135386
0.668147, 0.135386
0.669203, 0.135386
0.670257, 0.135386
0.671312, 0.135386
0.672367, 0.135386
0.673422, 0.135386
0.674477, 0.135386
0.675531, 0.135386
0.676586, 0.135386
0.677640, 0.135386
0.678694, 0.135386
0.679749, 0.135386
0.680804, 0.135386
0.681858, 0.135386
0.682913, 0.135386
0.683998, 0.135386
0.685056, 0.135386
0.686113, 0.135386
0.687168, 0.135386
0.688222, 0.135386
0.689277, 0.135386
0.690331, 0.135386
0.691386, 0.135386
0.692441, 0.135386
0.693495, 0.135386
0.694551, 0.135386
0.695605, 0.135386
0.696660, 0.135386
0.697714, 0.135386
0.698770, 0.135386
0.699825, 0.135386
0.700880, 0.135386
0.701936, 0.135386
0.702991, 0.135386
0.704045, 0.135386
0.705101, 0.135386
0.706156, 0.135386
0.707210, 0.135386
0.708266, 0.135386
0.709320, 0.135386
0.710376, 0.135386
0.711431, 0.135386
0.712486, 0.135386
0.713540, 0.135386
0.714595, 0.135386
0.715650, 0.135386
0.716704, 0.135386
0.717759, 0.135386
0.718813, 0.135386
0.719868, 0.135386
0.720922, 0.135386
0.721976, 0.135386
0.723031, 0.135386
0.724085, 0.135386
0.725140, 0.135386
0.726196, 0.135386
0.727254, 0.135386
0.728309, 0.135386
0.729367, 0.135386
0.730422, 0.135386
0.731476, 0.135386
0.732530, 0.135386
0.733585, 0.135386
0.734639, 0.135386
0.735694, 0.135386
0.736753, 0.135386
0.737808, 0.135386
0.738862, 0.135386
0.739917, 0.135386
0.740972, 0.135386
0.742027, 0.135386
0.743087, 0.135386
0.744148, 0.135386
0.745206, 0.135386
0.746262, 0.135386
0.747316, 0.135386
0.748371, 0.135386
0.749426, 0.135386
0.750481, 0.135386
0.751535, 0.135386
0.752590, 0.135386
0.753644, 0.135386
0.754700, 0.135386
0.755756, 0.135386
0.756812, 0.135386
0.757868, 0.135386
0.758923, 0.135386
0.759979, 0.135386
0.761034, 0.135386
0.762090, 0.135386
0.763144, 0.135386
0.764199, 0.135386
0.765255, 0.135386
0.766309, 0.135386
0.767364, 0.135386
0.768418, 0.135386
0.769473, 0.135386
0.770527, 0.135386
0.771582, 0.135386
0.772637, 0.135386
0.773691, 0.135386
0.774746, 0.135386
0.775802, 0.135386
0.776856, 0.135386
0.777911, 0.135386
0.778966, 0.135386
0.780020, 0.135386
0.781075, 0.135386
0.782130, 0.135386
0.783185, 0.135386
0.784241, 0.135386
0.785296, 0.135386
0.786352, 0.135386
0.787406, 0.135386
0.788460, 0.135386
0.789515, 0.135386
0.790570, 0.135386
0.791625, 0.135386
0.792679, 0.135386
0.793734, 0.135386
0.794789, 0.135386
0.795843, 0.135386
0.796898, 0.135386
0.797908, 0.135386
0.798963, 0.135386
0.800019, 0.135386
0.801076, 0.135386
0.802131, 0.135386
0.803186, 0.135386
0.804240, 0.135386
0.805295, 0.135386
0.806350, 0.135386
0.807406, 0.135386
0.808461, 0.135386
0.809516, 0.135386
0.810571, 0.135386
0.811627, 0.135386
0.812681, 0.135386
0.813736, 0.135386
0.814791, 0.135386
0.815845, 0.135386
0.816899, 0.135386
0.817955, 0.135386
0.819010, 0.135386
0.820064, 0.135386
0.821119, 0.135386
0.822173, 0.135386
0.823228, 0.135386
0.824282, 0.135386
0.825341, 0.135386
0.826401, 0.135386
0.827459, 0.135386
0.828514, 0.135386
0.829569, 0.135386
0.830625, 0.135386
0.831679, 0.135386
0.832734, 0.135386
0.833788, 0.135386
0.834843, 0.135386
0.835897, 0.135386
0.836952, 0.135386
0.838007, 0.135386
0.839062, 0.135386
0.840117, 0.135386
0.841172, 0.135386
0.842227, 0.135386
0.843285, 0.135386
0.844346, 0.135386
0.845404, 0.135386
0.846459, 0.135386
0.847514, 0.135386
0.848568, 0.135386
0.849624, 0.135386
0.850680, 0.135386
0.851734, 0.135386
0.852788, 0.135386
0.853843, 0.135386
0.854898, 0.135386
0.855957, 0.135386
0.857018, 0.135386
0.858076, 0.135386
0.859133, 0.135386
0.860191, 0.135386
0.861248, 0.135386
0.862305, 0.135386
0.863362, 0.135386
0.864419, 0.135386
0.865476, 0.135386
0.866533, 0.135386
0.867590, 0.135386
0.868647, 0.135386
0.869704, 0.135386
0.870762, 0.135386
0.871819, 0.135386
0.872876, 0.135386
0.873933, 0.135386
0.874990, 0.135386
0.876046, 0.135386
0.877103, 0.135386
0.878160, 0.135386
0.879217, 0.135386
0.880273, 0.135386
0.881331, 0.135386
0.882388, 0.135386
0.883445, 0.135386
0.884502, 0.135386
0.885558, 0.135386
0.886615, 0.135386
0.000000, 0.477793
0.001072, 0.477692
0.002130, 0.477389
0.003185, 0.476582
0.004243, 0.475674
0.005313, 0.474565
0.006376, 0.473253
0.007434, 0.471740
0.008490, 0.470428
0.009545, 0.468511
0.010604, 0.466796
0.011664, 0.464173
0.012721, 0.461348
0.013781, 0.458120
0.014841, 0.455194
0.015901, 0.452067
0.016959, 0.449141
0.018018, 0.446014
0.019086, 0.443189
0.020149, 0.440263
0.021208, 0.437438
0.022265, 0.434311
0.023321, 0.431083
0.024377, 0.427854
0.025433, 0.425029
0.026495, 0.422104
0.027562, 0.419178
0.028618, 0.416353
0.029674, 0.413428
0.030735, 0.410300
0.031795, 0.407173
0.032856, 0.404449
0.033920, 0.401321
0.034981, 0.397891
0.036038, 0.394562
0.037094, 0.391334
0.038150, 0.388710
0.039205, 0.385482
0.040261, 0.382254
0.041316, 0.379025
0.042372, 0.376100
0.043430, 0.372770
0.044485, 0.369643
0.045546, 0.366415
0.046604, 0.363388
0.047662, 0.360362
0.048720, 0.357638
0.049777, 0.355216
0.050834, 0.352593
0.051891, 0.349668
0.052948, 0.346944
0.054014, 0.344018
0.055080, 0.341698
0.056137, 0.338974
0.057194, 0.336452
0.058253, 0.333929
0.059311, 0.331710
0.060385, 0.329087
0.061441, 0.326565
0.062497, 0.323942
0.063552, 0.321319
0.064610, 0.318595
0.065665, 0.315871
0.066721, 0.313449
0.067776, 0.310826
0.068831, 0.308304
0.069887, 0.305782
0.070943, 0.303159
0.071999, 0.300536
0.073054, 0.298014
0.074109, 0.295189
0.075166, 0.292566
0.076223, 0.289943
0.077278, 0.287623
0.078333, 0.285000
0.079388, 0.282477
0.080444, 0.279955
0.081500, 0.277635
0.082557, 0.275214
0.083613, 0.273297
0.084668, 0.270976
0.085723, 0.268555
0.086779, 0.266235
0.087835, 0.263914
0.088890, 0.261998
0.089945, 0.259879
0.091001, 0.257760
0.092056, 0.255642
0.093111, 0.253523
0.094166, 0.251405
0.095221, 0.249387
0.096278, 0.247167
0.097333, 0.245049
0.098388, 0.242829
0.099443, 0.240711
0.100500, 0.238794
0.101556, 0.236574
0.102614, 0.234355
0.103670, 0.232135
0.104724, 0.229916
0.105779, 0.227898
0.106834, 0.225880
0.107889, 0.223863
0.108943, 0.221744
0.109999, 0.219928
0.111055, 0.217809
0.112111, 0.215691
0.113165, 0.213673
0.114220, 0.211655
0.115274, 0.209739
0.116329, 0.208124
0.117385, 0.206208
0.118439, 0.204694
0.119494, 0.202878
0.120548, 0.201163
0.121603, 0.199347
0.122657, 0.197834
0.123712, 0.196119
0.124766, 0.194404
0.125824, 0.192689
0.126883, 0.190974
0.127943, 0.189460
0.129001, 0.187745
0.130057, 0.185929
0.131112, 0.184214
0.132172, 0.182600
0.133236, 0.180986
0.134299, 0.179473
0.135359, 0.177758
0.136418, 0.176446
0.137475, 0.174731
0.138532, 0.173117
0.139588, 0.171503
0.140645, 0.169889
0.141701, 0.168375
0.142758, 0.166862
0.143814, 0.165349
0.144870, 0.163936
0.145928, 0.162524
0.146986, 0.161313
0.148042, 0.160002
0.149098, 0.158690
0.150154, 0.157379
0.151210, 0.156168
0.152266, 0.155058
0.153323, 0.153747
0.154379, 0.152536
0.155435, 0.151326
0.156491, 0.150115
0.157548, 0.148904
0.158604, 0.147895
0.159660, 0.146786
0.160716, 0.145575
0.161772, 0.144364
0.162829, 0.143154
0.163885, 0.142044
0.164941, 0.141035
0.165997, 0.139724
0.167055, 0.138614
0.168113, 0.137504
0.169170, 0.136394
0.170227, 0.135386
0.171284, 0.134377
0.172341, 0.133368
0.173398, 0.132460
0.174454, 0.131653
0.175511, 0.130745
0.176568, 0.129938
0.177625, 0.129131
0.178682, 0.128324
0.179739, 0.127516
0.180795, 0.126810
0.181851, 0.126104
0.182908, 0.125398
0.183967, 0.124692
0.185024, 0.123985
0.186081, 0.123279
0.187138, 0.122674
0.188195, 0.122069
0.189252, 0.121463
0.190310, 0.120757
0.191367, 0.120152
0.192423, 0.119546
0.193480, 0.119042
0.194538, 0.118437
0.195595, 0.117831
0.196651, 0.117327
0.197708, 0.116822
0.198765, 0.116318
0.199822, 0.115915
0.200879, 0.115511
0.201937, 0.115107
0.202994, 0.114603
0.204051, 0.114199
0.205109, 0.113796
0.206169, 0.113493
0.207229, 0.113191
0.208283, 0.112888
0.209338, 0.112686
0.210394, 0.112384
0.211450, 0.112182
0.212504, 0.111980
0.213559, 0.111879
0.214614, 0.111677
0.215668, 0.111576
0.216723, 0.111476
0.217777, 0.111375
0.218832, 0.111274
0.219887, 0.111173
0.220941, 0.111173
0.221996, 0.111072
0.223051, 0.111072
0.224105, 0.111072
0.225159, 0.111072
0.226215, 0.110971
0.227273, 0.111072
0.228496, 0.111072
0.229553, 0.111072
0.230608, 0.111173
0.231662, 0.111173
0.232725, 0.111274
0.233787, 0.111375
0.234847, 0.111476
0.235905, 0.111576
0.236962, 0.111778
0.238020, 0.111879
0.239077, 0.112081
0.240135, 0.112182
0.241191, 0.112384
0.242248, 0.112585
0.243304, 0.112787
0.244360, 0.112989
0.245416, 0.113191
0.246474, 0.113493
0.247532, 0.113695
0.248589, 0.113897
0.249645, 0.114199
0.250702, 0.114502
0.251758, 0.114704
0.252814, 0.115007
0.253870, 0.115208
0.254928, 0.115410
0.255985, 0.115612
0.257042, 0.115814
0.258099, 0.116015
0.259156, 0.116217
0.260213, 0.116419
0.261271, 0.116621
0.262328, 0.116822
0.263385, 0.117024
0.264442, 0.117226
0.265499, 0.117529
0.266556, 0.117730
0.267613, 0.117932
0.268670, 0.118235
0.269727, 0.118437
0.270784, 0.118739
0.271841, 0.118941
0.272898, 0.119143
0.273955, 0.119446
0.275012, 0.119748
0.276068, 0.119950
0.277124, 0.120253
0.278181, 0.120555
0.279238, 0.120757
0.280295, 0.121060
0.281352, 0.121261
0.282409, 0.121564
0.283466, 0.121766
0.284522, 0.121968
0.285578, 0.122270
0.286634, 0.122472
0.287693, 0.122674
0.288750, 0.122876
0.289806, 0.123077
0.290863, 0.123279
0.291920, 0.123481
0.292977, 0.123683
0.294034, 0.123885
0.295091, 0.124086
0.296147, 0.124288
0.297204, 0.124490
0.298261, 0.124692
0.299318, 0.124893
0.300375, 0.125095
0.301432, 0.125297
0.302489, 0.125398
0.303547, 0.125600
0.304604, 0.125801
0.305660, 0.126003
0.306717, 0.126205
0.307774, 0.126407
0.308830, 0.126608
0.309887, 0.126810
0.310944, 0.127012
0.312000, 0.127113
0.313057, 0.127315
0.314114, 0.127416
0.315171, 0.127617
0.316227, 0.127819
0.317284, 0.127920
0.318341, 0.128021
0.319397, 0.128122
0.320454, 0.128324
0.321510, 0.128424
0.322567, 0.128525
0.323624, 0.128626
0.324680, 0.128727
0.325749, 0.128828
0.326811, 0.128929
0.327870, 0.129030
0.328927, 0.129131
0.329982, 0.129231
0.331038, 0.129332
0.332097, 0.129433
0.333159, 0.129534
0.334220, 0.129635
0.335277, 0.129736
0.336336, 0.129736
0.337392, 0.129837
0.338450, 0.129938
0.339506, 0.130039
0.340563, 0.130139
0.341620, 0.130240
0.342677, 0.130341
0.343734, 0.130442
0.344791, 0.130442
0.345849, 0.130543
0.346908, 0.130644
0.347965, 0.130644
0.349022, 0.130745
0.350079, 0.130846
0.351135, 0.130846
0.352192, 0.130947
0.353248, 0.130947
0.354305, 0.130947
0.355362, 0.131047
0.356418, 0.131047
0.357476, 0.131047
0.358533, 0.131047
0.359590, 0.131148
0.360646, 0.131148
0.361703, 0.131148
0.362759, 0.131148
0.363817, 0.131249
0.364874, 0.131249
0.365931, 0.131249
0.366988, 0.131249
0.368045, 0.131249
0.369101, 0.131350
0.370157, 0.131350
0.371213, 0.131350
0.372269, 0.131350
0.373325, 0.131350
0.374381, 0.131350
0.375438, 0.131350
0.376494, 0.131350
0.377550, 0.131350
0.378606, 0.131350
0.379663, 0.131350
0.380719, 0.131350
0.381775, 0.131350
0.382835, 0.131350
0.383893, 0.131350
0.384950, 0.131350
0.386008, 0.131350
0.387065, 0.131350
0.388122, 0.131350
0.389178, 0.131350
0.390236, 0.131350
0.391292, 0.131350
0.392349, 0.131350
0.393406, 0.131350
0.394463, 0.131350
0.395519, 0.131350
0.396576, 0.131350
0.397633, 0.131350
0.398689, 0.131350
0.399746, 0.131350
0.400804, 0.131350
0.401863, 0.131350
0.402920, 0.131350
0.403977, 0.131350
0.405033, 0.131350
0.406090, 0.131350
0.407147, 0.131350
0.408204, 0.131350
0.409260, 0.131350
0.410318, 0.131350
0.411376, 0.131350
0.412433, 0.131350
0.413490, 0.131350
0.414547, 0.131350
0.415604, 0.131350
0.416661, 0.131350
0.417717, 0.131350
0.418774, 0.131350
0.419831, 0.131350
0.420887, 0.131350
0.421944, 0.131350
0.423002, 0.131350
0.424059, 0.131350
0.425115, 0.131350
0.426175, 0.131350
0.427236, 0.131350
0.428293, 0.131350
0.429349, 0.131350
0.430407, 0.131350
0.431463, 0.131350
0.432522, 0.131350
0.433584, 0.131350
0.434641, 0.131350
0.435696, 0.131350
0.436751, 0.131350
0.437807, 0.131350
0.438863, 0.131350
0.439918, 0.131350
0.440974, 0.131350
0.442020, 0.131350
0.443078, 0.131350
0.444134, 0.131350
0.445193, 0.131350
0.446249, 0.131350
0.447306, 0.131350
0.448361, 0.131350
0.449417, 0.131350
0.450473, 0.131350
0.451528, 0.131350
0.452583, 0.131350
0.453639, 0.131350
0.454694, 0.131350
0.455749, 0.131350
0.456843, 0.131350
0.457899, 0.131350
0.458954, 0.131350
0.460010, 0.131350
0.461070, 0.131350
0.462125, 0.131350
0.463180, 0.131350
0.464235, 0.131350
0.465291, 0.131350
0.466350, 0.131350
0.467405, 0.131350
0.468460, 0.131350
0.469515, 0.131350
0.470570, 0.131350
0.471626, 0.131350
0.472681, 0.131350
0.473736, 0.131350
0.474792, 0.131350
0.475847, 0.131350
0.476902, 0.131350
0.477957, 0.131350
0.479012, 0.131350
0.480067, 0.131350
0.481122, 0.131350
0.482177, 0.131350
0.483232, 0.131350
0.484287, 0.131350
0.485343, 0.131350
0.486403, 0.131350
0.487458, 0.131350
0.488513, 0.131350
0.489569, 0.131350
0.490624, 0.131350
0.491679, 0.131350
0.492734, 0.131350
0.493789, 0.131350
0.494845, 0.131350
0.495900, 0.131350
0.496955, 0.131350
0.498010, 0.131350
0.499065, 0.131350
0.500120, 0.131350
0.501176, 0.131350
0.502236, 0.131350
0.503290, 0.131350
0.504344, 0.131350
0.505399, 0.131350
0.506454, 0.131350
0.507508, 0.131350
0.508562, 0.131350
0.509616, 0.131350
0.510673, 0.131350
0.511729, 0.131350
0.512783, 0.131350
0.513838, 0.131350
0.514893, 0.131350
0.515947, 0.131350
0.517002, 0.131350
0.518057, 0.131350
0.519111, 0.131350
0.520165, 0.131350
0.521219, 0.131350
0.522274, 0.131350
0.523328, 0.131350
0.524383, 0.131350
0.525441, 0.131350
0.526499, 0.131350
0.527556, 0.131350
0.528611, 0.131350
0.529665, 0.131350
0.530722, 0.131350
0.531778, 0.131350
0.532836, 0.131350
0.533896, 0.131350
0.534951, 0.131350
0.536006, 0.131350
0.537061, 0.131350
0.538117, 0.131350
0.539173, 0.131350
0.540229, 0.131350
0.541284, 0.131350
0.542340, 0.131350
0.543396, 0.131350
0.544453, 0.131350
0.545508, 0.131350
0.546564, 0.131350
0.547619, 0.131350
0.548675, 0.131350
0.549732, 0.131350
0.550788, 0.131350
0.551843, 0.131350
0.552899, 0.131350
0.553955, 0.131350
0.555011, 0.131350
0.556069, 0.131350
0.557128, 0.131350
0.558184, 0.131350
0.559240, 0.131350
0.560297, 0.131350
0.561352, 0.131350
0.562407, 0.131350
0.563463, 0.131350
0.564519, 0.131350
0.565839, 0.131350
0.566903, 0.131350
0.567960, 0.131350
0.569015, 0.131350
0.570070, 0.131350
0.571126, 0.131350
0.572181, 0.131350
0.573236, 0.131350
0.574293, 0.131350
0.575348, 0.131350
0.576403, 0.131350
0.577458, 0.131350
0.578514, 0.131350
0.579571, 0.131350
0.580627, 0.131350
0.581682, 0.131350
0.582737, 0.131350
0.583792, 0.131350
0.584847, 0.131350
0.585903, 0.131350
0.586962, 0.131350
0.588017, 0.131350
0.589072, 0.131350
0.590127, 0.131350
0.591182, 0.131350
0.592236, 0.131350
0.593291, 0.131350
0.594346, 0.131350
0.595401, 0.131350
0.596456, 0.131350
0.597510, 0.131350
0.598565, 0.131350
0.599620, 0.131350
0.600676, 0.131350
0.601732, 0.131350
0.602786, 0.131350
0.603841, 0.131350
0.604896, 0.131350
0.605951, 0.131350
0.607005, 0.131350
0.608060, 0.131350
0.609115, 0.131350
0.610172, 0.131350
0.611229, 0.131350
0.612284, 0.131350
0.613339, 0.131350
0.614393, 0.131350
0.615448, 0.131350
0.616503, 0.131350
0.617558, 0.131350
0.618613, 0.131350
0.619667, 0.131350
0.620722, 0.131350
0.621777, 0.131350
0.622832, 0.131350
0.623886, 0.131350
0.624941, 0.131350
0.625999, 0.131350
0.627061, 0.131350
0.628117, 0.131350
0.629172, 0.131350
0.630227, 0.131350
0.631282, 0.131350
0.632340, 0.131350
0.633401, 0.131350
0.634461, 0.131350
0.635518, 0.131350
0.636575, 0.131350
0.637632, 0.131350
0.638689, 0.131350
0.639746, 0.131350
0.640804, 0.131350
0.641860, 0.131350
0.642917, 0.131350
0.643973, 0.131350
0.645029, 0.131350
0.646086, 0.131350
0.647146, 0.131350
0.648204, 0.131350
0.649259, 0.131350
0.650314, 0.131350
0.651373, 0.131350
0.652430, 0.131350
0.653486, 0.131350
0.654546, 0.131350
0.655601, 0.131350
0.656656, 0.131350
0.657711, 0.131350
0.658766, 0.131350
0.659821, 0.131350
0.660876, 0.131350
0.661933, 0.131350
0.662991, 0.131350
0.664048, 0.131350
0.665104, 0.131350
0.666160, 0.131350
0.667217, 0.131350
0.668274, 0.131350
0.669330, 0.131350
0.670387, 0.131350
0.671444, 0.131350
0.672500, 0.131350
0.673557, 0.131350
0.674614, 0.131350
0.675671, 0.131350
0.676728, 0.131350
0.677785, 0.131350
0.678841, 0.131350
0.679898, 0.131350
0.680954, 0.131350
0.682012, 0.131350
0.683068, 0.131350
0.684165, 0.131350
0.685222, 0.131350
0.686277, 0.131350
0.687331, 0.131350
0.688387, 0.131350
0.689441, 0.131350
0.690496, 0.131350
0.691550, 0.131350
0.692605, 0.131350
0.693659, 0.131350
0.694714, 0.131350
0.695769, 0.131350
0.696823, 0.131350
0.697878, 0.131350
0.698933, 0.131350
0.699995, 0.131350
0.701055, 0.131350
0.702109, 0.131350
0.703164, 0.131350
0.704218, 0.131350
0.705272, 0.131350
0.706328, 0.131350
0.707382, 0.131350
0.708436, 0.131350
0.709490, 0.131350
0.710546, 0.131350
0.711607, 0.131350
0.712661, 0.131350
0.713716, 0.131350
0.714770, 0.131350
0.715825, 0.131350
0.716879, 0.131350
0.717933, 0.131350
0.718987, 0.131350
0.720041, 0.131350
0.721095, 0.131350
0.722150, 0.131350
0.723204, 0.131350
0.724259, 0.131350
0.725317, 0.131350
0.726376, 0.131350
0.727435, 0.131350
0.728492, 0.131350
0.729548, 0.131350
0.730604, 0.131350
0.731659, 0.131350
0.732717, 0.131350
0.733778, 0.131350
0.734834, 0.131350
0.735889, 0.131350
0.736944, 0.131350
0.737999, 0.131350
0.739054, 0.131350
0.740109, 0.131350
0.741163, 0.131350
0.742218, 0.131350
0.743273, 0.131350
0.744328, 0.131350
0.745386, 0.131350
0.746449, 0.131350
0.747504, 0.131350
0.748558, 0.131350
0.749612, 0.131350
0.750667, 0.131350
0.751722, 0.131350
0.752776, 0.131350
0.753830, 0.131350
0.754885, 0.131350
0.755939, 0.131350
0.756999, 0.131350
0.758056, 0.131350
0.759110, 0.131350
0.760164, 0.131350
0.761219, 0.131350
0.762273, 0.131350
0.763328, 0.131350
0.764382, 0.131350
0.765436, 0.131350
0.766491, 0.131350
0.767546, 0.131350
0.768600, 0.131350
0.769655, 0.131350
0.770709, 0.131350
0.771763, 0.131350
0.772817, 0.131350
0.773871, 0.131350
0.774926, 0.131350
0.775980, 0.131350
0.777034, 0.131350
0.778089, 0.131350
0.779143, 0.131350
0.780198, 0.131350
0.781252, 0.131350
0.782306, 0.131350
0.783365, 0.131350
0.784420, 0.131350
0.785475, 0.131350
0.786529, 0.131350
0.787584, 0.131350
0.788639, 0.131350
0.789693, 0.131350
0.790748, 0.131350
0.791803, 0.131350
0.792857, 0.131350
0.793911, 0.131350
0.794966, 0.131350
0.796020, 0.131350
0.797074, 0.131350
0.798129, 0.131350
0.799184, 0.131350
0.800239, 0.131350
0.801293, 0.131350
0.802348, 0.131350
0.803402, 0.131350
0.804456, 0.131350
0.805510, 0.131350
0.806564, 0.131350
0.807619, 0.131350
0.808673, 0.131350
0.809728, 0.131350
0.810783, 0.131350
0.811842, 0.131350
0.812896, 0.131350
0.813950, 0.131350
0.815005, 0.131350
0.816059, 0.131350
0.817117, 0.131350
0.818171, 0.131350
0.819225, 0.131350
0.820280, 0.131350
0.821334, 0.131350
0.822389, 0.131350
0.823443, 0.131350
0.824497, 0.131350
0.825555, 0.131350
0.826615, 0.131350
0.827673, 0.131350
0.828731, 0.131350
0.829789, 0.131350
0.830846, 0.131350
0.831904, 0.131350
0.832963, 0.131350
0.834022, 0.131350
0.835079, 0.131350
0.836137, 0.131350
0.837192, 0.131350
0.838247, 0.131350
0.839303, 0.131350
0.840359, 0.131350
0.841415, 0.131350
0.842471, 0.131350
0.843526, 0.131350
0.844581, 0.131350
0.845638, 0.131350
0.846695, 0.131350
0.847750, 0.131350
0.848804, 0.131350
0.849859, 0.131350
0.850913, 0.131350
0.851968, 0.131350
0.853022, 0.131350
0.854077, 0.131350
0.855131, 0.131350
0.856187, 0.131350
0.857244, 0.131350
0.858298, 0.131350
0.859353, 0.131350
0.860407, 0.131350
0.861462, 0.131350
0.862516, 0.131350
0.863571, 0.131350
0.864625, 0.131350
0.865680, 0.131350
0.866735, 0.131350
0.867791, 0.131350
0.868846, 0.131350
0.869900, 0.131350
0.870955, 0.131350
0.872009, 0.131350
